78.7200	3661.5104	1.0626
78.8400	1.0529e4	3.0555
78.9600	2.1057e4	6.1110
79.0800	4852.6041	1.4083
79.2000	2014.5659	0.5846
79.3200	823.4722	0.2390
99.9600	823.4722	0.2390
115.0800	823.4722	0.2390
117.0000	2014.5659	0.5846
118.9200	823.4722	0.2390
120.1200	823.4722	0.2390
122.0400	823.4722	0.2390
125.0400	823.4722	0.2390
128.0400	823.4722	0.2390
132.9600	3661.5104	1.0626
133.0800	1.3823e4	4.0114
133.2000	4029.1318	1.1693
133.6800	1646.9445	0.4780
146.7600	823.4722	0.2390
149.6400	2014.5659	0.5846
149.7600	3661.5104	1.0626
149.8800	2014.5659	0.5846
150.0000	1.7116e4	4.9674
150.1200	4.0644e4	11.7953
150.2400	1.0161e4	2.9488
150.3600	4029.1318	1.1693
150.6000	1646.9445	0.4780
158.1600	823.4722	0.2390
158.5200	1646.9445	0.4780
158.6400	1646.9445	0.4780
158.7600	2.3160e4	6.7213
158.8800	1.3071e5	37.9337
159.0000	2.6410e5	76.6440
159.1200	1.3367e5	38.7914
159.2400	3.1954e4	9.2732
159.3600	6043.6978	1.7539
159.4800	1.0161e4	2.9488
159.6000	1.1352e4	3.2945
159.7200	2014.5659	0.5846
159.8400	6955.3994	2.0185
174.1200	823.4722	0.2390
174.8400	2838.0381	0.8236
174.9600	2014.5659	0.5846
175.0800	6131.9268	1.7795
175.2000	1646.9445	0.4780
175.3200	4029.1318	1.1693
176.6400	1646.9445	0.4780
176.8800	1.0529e4	3.0555
177.0000	4.2115e4	12.2221
177.1200	1.9410e4	5.6331
177.2400	7690.6422	2.2319
182.0400	823.4722	0.2390
191.5200	1646.9445	0.4780
193.2000	823.4722	0.2390
194.8800	1646.9445	0.4780
195.1200	823.4722	0.2390
197.8800	2838.0381	0.8236
202.8000	4029.1318	1.1693
211.3200	1.0073e4	2.9232
212.5200	1646.9445	0.4780
217.2000	823.4722	0.2390
220.2000	823.4722	0.2390
222.1200	2014.5659	0.5846
223.8000	823.4722	0.2390
228.3600	2014.5659	0.5846
229.8000	2014.5659	0.5846
230.0400	8602.3438	2.4965
230.1600	4029.1318	1.1693
230.4000	2014.5659	0.5846
231.0000	2014.5659	0.5846
233.1600	823.4722	0.2390
233.2800	2014.5659	0.5846
236.1600	823.4722	0.2390
238.5600	4029.1318	1.1693
238.6800	5308.4548	1.5406
238.8000	4117.3608	1.1949
238.9200	3.5159e4	10.2036
239.0400	1.2176e4	3.5335
239.1600	3661.5104	1.0626
239.2800	823.4722	0.2390
251.0400	823.4722	0.2390
253.5600	823.4722	0.2390
255.1200	823.4722	0.2390
256.9200	823.4722	0.2390
272.2800	823.4722	0.2390
272.7600	1646.9445	0.4780
272.8800	1.4646e4	4.2504
273.0000	2.9204e4	8.4752
273.1200	2.9116e4	8.4496
273.2400	4029.1318	1.1693
273.3600	2470.4167	0.7169
273.8400	2014.5659	0.5846
281.4000	2014.5659	0.5846
286.3200	2014.5659	0.5846
290.8800	2838.0381	0.8236
291.0000	4029.1318	1.1693
291.2400	4029.1318	1.1693
293.8800	823.4722	0.2390
301.0800	823.4722	0.2390
301.2000	823.4722	0.2390
307.9200	823.4722	0.2390
309.9600	2014.5659	0.5846
310.0800	823.4722	0.2390
317.7600	823.4722	0.2390
319.0800	1646.9445	0.4780
319.5600	823.4722	0.2390
324.2400	823.4722	0.2390
325.9200	5676.0763	1.6472
326.0400	2838.0381	0.8236
326.2800	823.4722	0.2390
326.4000	1646.9445	0.4780
332.1600	2014.5659	0.5846
334.9200	1646.9445	0.4780
338.1600	823.4722	0.2390
338.8800	2014.5659	0.5846
343.6800	823.4722	0.2390
343.8000	6499.5486	1.8862
343.9200	1.1440e4	3.3201
344.0400	2.8101e4	8.1552
344.1600	1.2176e4	3.5335
344.2800	8881.7359	2.5776
344.4000	7323.0208	2.1252
344.5200	3293.8889	0.9559
344.6400	4029.1318	1.1693
345.1200	2014.5659	0.5846
350.8800	823.4722	0.2390
352.3200	2014.5659	0.5846
352.8000	2470.4167	0.7169
352.9200	1646.9445	0.4780
356.5200	823.4722	0.2390
356.7600	823.4722	0.2390
360.3600	6043.6978	1.7539
362.0400	4852.6041	1.4083
362.1600	1646.9445	0.4780
362.2800	823.4722	0.2390
367.6800	823.4722	0.2390
370.6800	4029.1318	1.1693
370.8000	6867.1700	1.9929
370.9200	1646.9445	0.4780
371.0400	2014.5659	0.5846
371.1600	1646.9445	0.4780
372.0000	823.4722	0.2390
383.7600	823.4722	0.2390
385.9200	823.4722	0.2390
390.7200	823.4722	0.2390
396.3600	823.4722	0.2390
396.7200	823.4722	0.2390
402.1200	2014.5659	0.5846
402.2400	3293.8889	0.9559
405.9600	6043.6978	1.7539
406.2000	4029.1318	1.1693
419.0400	823.4722	0.2390
423.6000	1.7396e4	5.0484
423.7200	5.4746e4	15.8879
423.8400	1.2193e5	35.3860
423.9600	1.7622e5	51.1416
424.0800	1.0582e5	30.7088
424.2000	4.4026e4	12.7769
424.3200	2.2337e4	6.4823
424.4400	1.0617e4	3.0811
424.6800	4852.6041	1.4083
434.0400	823.4722	0.2390
439.9200	823.4722	0.2390
440.4000	823.4722	0.2390
440.5200	823.4722	0.2390
441.3600	2014.5659	0.5846
441.6000	823.4722	0.2390
441.7200	1.3823e4	4.0114
441.8400	3.6159e4	10.4937
441.9600	5.0085e4	14.5351
442.0800	1.2176e4	3.5335
442.2000	1.8675e4	5.4197
442.3200	1.0896e4	3.1622
442.5600	4029.1318	1.1693
459.9600	1646.9445	0.4780
460.6800	823.4722	0.2390
461.6400	2014.5659	0.5846
461.7600	4029.1318	1.1693
462.1200	2014.5659	0.5846
462.2400	2014.5659	0.5846
478.0800	823.4722	0.2390
485.7600	4484.9827	1.3016
485.8800	4852.6041	1.4083
503.7600	6867.1700	1.9929
503.8800	7323.0208	2.1252
504.0000	8146.4927	2.3642
504.1200	8146.4927	2.3642
504.2400	4029.1318	1.1693
513.0000	823.4722	0.2390
521.1600	2014.5659	0.5846
521.4000	2470.4167	0.7169
521.5200	1.8219e4	5.2874
521.6400	1.1058e5	32.0915
521.7600	2.5588e5	74.2585
521.8800	3.4458e5	100.0000
522.0000	2.2694e5	65.8601
522.1200	1.6269e5	47.2155
522.2400	4.5864e4	13.3103
522.3600	1.2264e4	3.5591
522.4800	4117.3608	1.1949
522.7200	823.4722	0.2390
522.8400	823.4722	0.2390
523.3200	2838.0381	0.8236
523.4400	2014.5659	0.5846