58.6800	3882.0833	6.0000
58.8000	1294.0277	2.0000
58.9200	1294.0277	2.0000
60.0000	1294.0277	2.0000
61.6800	1294.0277	2.0000
61.9200	2588.0554	4.0000
70.8000	1294.0277	2.0000
71.0400	5176.1108	8.0000
71.8800	1294.0277	2.0000
72.8400	1294.0277	2.0000
72.9600	3882.0833	6.0000
73.0800	1294.0277	2.0000
74.7600	2588.0554	4.0000
74.8800	1294.0277	2.0000
77.0400	1294.0277	2.0000
78.4800	1294.0277	2.0000
78.6000	1294.0277	2.0000
78.7200	2588.0554	4.0000
78.8400	4.2703e4	66.0000
78.9600	4.0115e4	62.0000
79.0800	9058.1943	14.0000
79.2000	1294.0277	2.0000
79.3200	3882.0833	6.0000
79.4400	1294.0277	2.0000
79.5600	1294.0277	2.0000
80.0400	2588.0554	4.0000
80.6400	1294.0277	2.0000
80.8800	1294.0277	2.0000
81.1200	1294.0277	2.0000
81.2400	2588.0554	4.0000
82.9200	6470.1387	10.0000
84.9600	1294.0277	2.0000
85.2000	1294.0277	2.0000
85.6800	1294.0277	2.0000
86.8800	3882.0833	6.0000
87.0000	3882.0833	6.0000
87.1200	1294.0277	2.0000
87.7200	1294.0277	2.0000
87.9600	1294.0277	2.0000
88.0800	1294.0277	2.0000
88.8000	2588.0554	4.0000
95.0400	2588.0554	4.0000
95.1600	2588.0554	4.0000
96.2400	1294.0277	2.0000
96.7200	3882.0833	6.0000
96.8400	2.1998e4	34.0000
96.9600	5.3055e4	82.0000
97.0800	1.2940e4	20.0000
97.2000	6470.1387	10.0000
97.4400	1294.0277	2.0000
99.0000	1294.0277	2.0000
99.8400	2588.0554	4.0000
100.9200	1294.0277	2.0000
101.0400	2588.0554	4.0000
102.8400	2588.0554	4.0000
103.2000	2588.0554	4.0000
104.5200	1294.0277	2.0000
107.0400	1294.0277	2.0000
109.2000	1294.0277	2.0000
111.0000	2588.0554	4.0000
111.8400	2588.0554	4.0000
112.8000	1294.0277	2.0000
114.9600	2588.0554	4.0000
115.0800	3882.0833	6.0000
116.0400	2588.0554	4.0000
116.7600	1294.0277	2.0000
117.0000	1294.0277	2.0000
118.0800	2588.0554	4.0000
120.1200	1294.0277	2.0000
121.9200	1294.0277	2.0000
124.2000	1294.0277	2.0000
124.3200	2588.0554	4.0000
124.6800	1294.0277	2.0000
125.0400	2588.0554	4.0000
125.1600	2588.0554	4.0000
125.2800	2588.0554	4.0000
125.4000	1294.0277	2.0000
126.0000	1294.0277	2.0000
126.1200	1294.0277	2.0000
126.2400	5176.1108	8.0000
127.0800	1294.0277	2.0000
127.2000	1294.0277	2.0000
128.1600	1294.0277	2.0000
128.7600	2588.0554	4.0000
129.1200	1.1646e4	18.0000
129.2400	1294.0277	2.0000
131.0400	1294.0277	2.0000
132.4800	1294.0277	2.0000
137.0400	2588.0554	4.0000
139.2000	3882.0833	6.0000
140.1600	1294.0277	2.0000
141.9600	1294.0277	2.0000
142.2000	1294.0277	2.0000
143.0400	2588.0554	4.0000
144.1200	1294.0277	2.0000
144.2400	2588.0554	4.0000
145.0800	3882.0833	6.0000
151.2000	1294.0277	2.0000
151.3200	1294.0277	2.0000
151.9200	1294.0277	2.0000
152.0400	1294.0277	2.0000
152.5200	3882.0833	6.0000
154.9200	1294.0277	2.0000
155.0400	5176.1108	8.0000
155.2800	1294.0277	2.0000
155.5200	1294.0277	2.0000
156.1200	1294.0277	2.0000
156.2400	2588.0554	4.0000
157.0800	1294.0277	2.0000
157.2000	3882.0833	6.0000
157.3200	2588.0554	4.0000
158.1600	1294.0277	2.0000
159.0000	1294.0277	2.0000
159.1200	1294.0277	2.0000
159.2400	1294.0277	2.0000
161.0400	1294.0277	2.0000
161.6400	1294.0277	2.0000
164.1600	1294.0277	2.0000
165.1200	1294.0277	2.0000
165.2400	1294.0277	2.0000
167.1600	1294.0277	2.0000
169.2000	2588.0554	4.0000
171.2400	1294.0277	2.0000
174.0000	1294.0277	2.0000
174.1200	3882.0833	6.0000
174.9600	1294.0277	2.0000
175.0800	1294.0277	2.0000
175.2000	6470.1387	10.0000
176.8800	2588.0554	4.0000
177.0000	3882.0833	6.0000
177.1200	3882.0833	6.0000
177.2400	1294.0277	2.0000
177.3600	2588.0554	4.0000
178.9200	1294.0277	2.0000
179.0400	2588.0554	4.0000
185.0400	5176.1108	8.0000
185.1600	1294.0277	2.0000
185.2800	1294.0277	2.0000
185.4000	1294.0277	2.0000
187.0800	5176.1108	8.0000
189.0000	1294.0277	2.0000
191.0400	1294.0277	2.0000
191.8800	1294.0277	2.0000
192.9600	1294.0277	2.0000
195.0000	3882.0833	6.0000
195.1200	1294.0277	2.0000
195.2400	2588.0554	4.0000
195.3600	2588.0554	4.0000
197.1600	2588.0554	4.0000
198.9600	2588.0554	4.0000
199.2000	1294.0277	2.0000
201.0000	1294.0277	2.0000
201.2400	3882.0833	6.0000
202.8000	1294.0277	2.0000
212.8800	1294.0277	2.0000
213.0000	2588.0554	4.0000
213.1200	1.2940e4	20.0000
213.3600	1294.0277	2.0000
214.0800	1294.0277	2.0000
214.2000	1.1646e4	18.0000
214.3200	3882.0833	6.0000
214.4400	2588.0554	4.0000
214.9200	2588.0554	4.0000
215.0400	1.0352e4	16.0000
215.1600	4.3997e4	68.0000
215.2800	6.4701e4	100.0000
215.4000	1.9410e4	30.0000
215.5200	1.1646e4	18.0000
215.6400	5176.1108	8.0000
215.8800	3882.0833	6.0000
216.1200	1294.0277	2.0000
216.9600	2588.0554	4.0000
217.0800	2588.0554	4.0000
219.2400	1294.0277	2.0000
229.2000	1294.0277	2.0000
231.1200	6470.1387	10.0000
231.2400	2588.0554	4.0000
237.1200	2588.0554	4.0000
239.1600	1294.0277	2.0000
239.2800	2588.0554	4.0000
239.4000	1294.0277	2.0000
242.1600	1294.0277	2.0000
243.1200	1294.0277	2.0000
256.9200	1.1646e4	18.0000
257.0400	9058.1943	14.0000
257.1600	2588.0554	4.0000
257.2800	3882.0833	6.0000
257.4000	1294.0277	2.0000
257.6400	2588.0554	4.0000
274.6800	2588.0554	4.0000
274.8000	3882.0833	6.0000
274.9200	1.2940e4	20.0000
275.0400	3.3645e4	52.0000
275.1600	4.5291e4	70.0000
275.2800	3.1057e4	48.0000
275.4000	1.0352e4	16.0000
275.5200	3882.0833	6.0000
275.6400	3882.0833	6.0000
276.0000	1294.0277	2.0000