60.9600	333.3333	0.9615
61.5600	1000.0000	2.8846
61.6800	2333.3333	6.7308
61.8000	2666.6667	7.6923
61.9200	2000.0000	5.7692
62.0400	2333.3333	6.7308
67.9200	333.3333	0.9615
68.8800	333.3333	0.9615
69.0000	1000.0000	2.8846
70.6800	1000.0000	2.8846
72.9600	1333.3334	3.8462
73.2000	333.3333	0.9615
78.0000	333.3333	0.9615
78.4800	1666.6666	4.8077
78.6000	1000.0000	2.8846
78.7200	1333.3334	3.8462
78.8400	7333.3335	21.1538
78.9600	2.2000e4	63.4615
79.0800	4333.3335	12.5000
79.2000	1333.3334	3.8462
79.3200	666.6667	1.9231
79.4400	666.6667	1.9231
79.5600	333.3333	0.9615
79.9200	333.3333	0.9615
80.2800	666.6667	1.9231
80.6400	666.6667	1.9231
80.7600	333.3333	0.9615
81.0000	333.3333	0.9615
82.4400	333.3333	0.9615
84.9600	333.3333	0.9615
85.9200	666.6667	1.9231
86.0400	666.6667	1.9231
86.4000	333.3333	0.9615
86.8800	1000.0000	2.8846
87.0000	1333.3334	3.8462
87.7200	333.3333	0.9615
88.0800	666.6667	1.9231
89.0400	333.3333	0.9615
95.6400	666.6667	1.9231
96.0000	333.3333	0.9615
96.6000	1000.0000	2.8846
96.7200	666.6667	1.9231
96.8400	1333.3334	3.8462
96.9600	1.0333e4	29.8077
97.0800	1000.0000	2.8846
97.2000	666.6667	1.9231
97.5600	333.3333	0.9615
97.9200	333.3333	0.9615
99.0000	333.3333	0.9615
99.1200	333.3333	0.9615
101.0400	666.6667	1.9231
101.6400	333.3333	0.9615
107.0400	333.3333	0.9615
107.1600	1333.3334	3.8462
107.8800	333.3333	0.9615
108.1200	333.3333	0.9615
108.2400	666.6667	1.9231
108.9600	666.6667	1.9231
109.8000	666.6667	1.9231
110.5200	333.3333	0.9615
111.0000	333.3333	0.9615
113.0400	1000.0000	2.8846
115.0800	666.6667	1.9231
117.1200	1000.0000	2.8846
117.6000	333.3333	0.9615
119.0400	333.3333	0.9615
120.0000	1000.0000	2.8846
121.0800	333.3333	0.9615
122.7600	333.3333	0.9615
125.0400	666.6667	1.9231
126.2400	333.3333	0.9615
126.8400	333.3333	0.9615
127.0800	666.6667	1.9231
131.0400	333.3333	0.9615
132.1200	333.3333	0.9615
133.9200	666.6667	1.9231
134.0400	2666.6667	7.6923
134.1600	2333.3333	6.7308
134.4000	666.6667	1.9231
135.0000	2333.3333	6.7308
135.1200	8000.0000	23.0769
135.2400	2000.0000	5.7692
135.7200	333.3333	0.9615
138.1200	333.3333	0.9615
138.7200	333.3333	0.9615
138.9600	666.6667	1.9231
141.1200	333.3333	0.9615
141.2400	666.6667	1.9231
142.0800	333.3333	0.9615
142.2000	333.3333	0.9615
143.0400	1000.0000	2.8846
143.1600	333.3333	0.9615
144.9600	666.6667	1.9231
145.0800	666.6667	1.9231
150.1200	1333.3334	3.8462
150.9600	666.6667	1.9231
151.0800	2333.3333	6.7308
151.9200	1000.0000	2.8846
152.0400	666.6667	1.9231
152.1600	333.3333	0.9615
152.2800	333.3333	0.9615
154.6800	333.3333	0.9615
154.8000	333.3333	0.9615
155.0400	1666.6666	4.8077
155.1600	1333.3334	3.8462
155.2800	333.3333	0.9615
155.6400	333.3333	0.9615
158.2800	666.6667	1.9231
158.8800	1000.0000	2.8846
159.0000	333.3333	0.9615
160.0800	333.3333	0.9615
161.1600	333.3333	0.9615
163.2000	1666.6666	4.8077
163.3200	333.3333	0.9615
165.0000	333.3333	0.9615
167.0400	333.3333	0.9615
167.2800	333.3333	0.9615
168.3600	333.3333	0.9615
168.7200	333.3333	0.9615
169.0800	333.3333	0.9615
169.2000	333.3333	0.9615
170.2800	666.6667	1.9231
171.0000	333.3333	0.9615
171.1200	1333.3334	3.8462
171.3600	333.3333	0.9615
173.0400	1000.0000	2.8846
173.1600	1000.0000	2.8846
173.2800	333.3333	0.9615
173.5200	333.3333	0.9615
174.1200	333.3333	0.9615
174.6000	333.3333	0.9615
175.2000	333.3333	0.9615
177.1200	333.3333	0.9615
179.0400	333.3333	0.9615
179.1600	333.3333	0.9615
180.0000	333.3333	0.9615
180.1200	333.3333	0.9615
180.2400	333.3333	0.9615
182.8800	1000.0000	2.8846
183.0000	333.3333	0.9615
183.1200	666.6667	1.9231
184.2000	333.3333	0.9615
185.0400	333.3333	0.9615
185.1600	333.3333	0.9615
187.0800	333.3333	0.9615
188.1600	333.3333	0.9615
188.2800	333.3333	0.9615
190.3200	666.6667	1.9231
191.0400	333.3333	0.9615
191.1600	1000.0000	2.8846
191.2800	333.3333	0.9615
191.4000	333.3333	0.9615
191.7600	666.6667	1.9231
193.0800	333.3333	0.9615
193.2000	666.6667	1.9231
193.4400	333.3333	0.9615
194.1600	333.3333	0.9615
194.5200	333.3333	0.9615
196.0800	333.3333	0.9615
197.1600	333.3333	0.9615
199.0800	666.6667	1.9231
199.2000	333.3333	0.9615
200.0400	333.3333	0.9615
201.2400	666.6667	1.9231
202.2000	333.3333	0.9615
204.8400	333.3333	0.9615
205.0800	666.6667	1.9231
205.3200	333.3333	0.9615
207.2400	666.6667	1.9231
210.9600	666.6667	1.9231
211.0800	5333.3335	15.3846
211.2000	3333.3333	9.6154
211.3200	1666.6666	4.8077
211.4400	333.3333	0.9615
211.5600	333.3333	0.9615
211.9200	333.3333	0.9615
212.0400	333.3333	0.9615
212.1600	666.6667	1.9231
213.2400	666.6667	1.9231
213.3600	666.6667	1.9231
213.4800	333.3333	0.9615
214.2000	333.3333	0.9615
214.3200	2000.0000	5.7692
214.8000	333.3333	0.9615
215.1600	333.3333	0.9615
215.4000	333.3333	0.9615
219.1200	333.3333	0.9615
221.2800	333.3333	0.9615
224.8800	1000.0000	2.8846
225.1200	333.3333	0.9615
226.9200	333.3333	0.9615
227.0400	666.6667	1.9231
227.1600	333.3333	0.9615
229.0800	333.3333	0.9615
233.0400	666.6667	1.9231
235.2000	333.3333	0.9615
237.0000	666.6667	1.9231
237.2400	666.6667	1.9231
237.4800	333.3333	0.9615
239.2800	333.3333	0.9615
241.2000	666.6667	1.9231
242.1600	333.3333	0.9615
243.0000	666.6667	1.9231
243.2400	333.3333	0.9615
243.3600	333.3333	0.9615
245.2800	333.3333	0.9615
245.4000	333.3333	0.9615
245.7600	333.3333	0.9615
246.9600	333.3333	0.9615
247.2000	1000.0000	2.8846
249.2400	333.3333	0.9615
249.3600	333.3333	0.9615
251.0400	333.3333	0.9615
255.0000	666.6667	1.9231
256.3200	666.6667	1.9231
257.0400	333.3333	0.9615
257.1600	333.3333	0.9615
257.2800	1000.0000	2.8846
258.9600	333.3333	0.9615
259.0800	333.3333	0.9615
259.2000	666.6667	1.9231
259.4400	333.3333	0.9615
261.3600	333.3333	0.9615
261.9600	666.6667	1.9231
263.4000	666.6667	1.9231
264.9600	1333.3334	3.8462
265.0800	333.3333	0.9615
265.2000	666.6667	1.9231
265.8000	333.3333	0.9615
271.0800	666.6667	1.9231
271.3200	333.3333	0.9615
272.1600	666.6667	1.9231
273.0000	666.6667	1.9231
274.0800	333.3333	0.9615
275.1600	666.6667	1.9231
275.6400	333.3333	0.9615
275.8800	666.6667	1.9231
277.0800	333.3333	0.9615
284.1600	333.3333	0.9615
285.1200	1333.3334	3.8462
285.2400	2333.3333	6.7308
285.3600	3666.6667	10.5769
285.4800	1333.3334	3.8462
285.6000	1000.0000	2.8846
286.2000	666.6667	1.9231
286.8000	333.3333	0.9615
286.9200	666.6667	1.9231
287.0400	1333.3334	3.8462
287.1600	2666.6667	7.6923
287.2800	1000.0000	2.8846
287.4000	666.6667	1.9231
289.3200	333.3333	0.9615
293.1600	1000.0000	2.8846
293.4000	333.3333	0.9615
296.0400	333.3333	0.9615
299.0400	333.3333	0.9615
300.9600	666.6667	1.9231
303.0000	666.6667	1.9231
303.1200	1000.0000	2.8846
310.8000	333.3333	0.9615
310.9200	1666.6666	4.8077
311.0400	2666.6667	7.6923
311.1600	3000.0000	8.6538
311.2800	1000.0000	2.8846
311.4000	333.3333	0.9615
315.0000	333.3333	0.9615
315.3600	333.3333	0.9615
329.0400	2000.0000	5.7692
329.2800	1000.0000	2.8846
329.4000	333.3333	0.9615
330.8400	333.3333	0.9615
346.6800	1666.6666	4.8077
346.8000	5666.6665	16.3462
346.9200	2.1000e4	60.5769
347.0400	2.6667e4	76.9231
347.1600	3.4667e4	100.0000
347.2800	2.1333e4	61.5385
347.4000	9333.3330	26.9231
347.5200	3000.0000	8.6538
347.6400	1000.0000	2.8846
347.7600	333.3333	0.9615
347.8800	333.3333	0.9615
348.0000	333.3333	0.9615
348.2400	333.3333	0.9615
348.3600	333.3333	0.9615