78.4800	4970.2432	0.5049
78.7200	2.4851e4	2.5245
78.8400	1.4911e4	1.5147
78.9600	6.4613e4	6.5638
79.3200	4970.2432	0.5049
79.5600	4970.2432	0.5049
80.8800	4970.2432	0.5049
81.0000	9940.4863	1.0098
96.9600	1.7431e4	1.7707
98.8800	4970.2432	0.5049
99.0000	9940.4863	1.0098
99.1200	4970.2432	0.5049
107.1600	4970.2432	0.5049
118.9200	4970.2432	0.5049
119.0400	1.7431e4	1.7707
133.5600	1.7431e4	1.7707
134.0400	6.9653e4	7.0758
134.1600	1.3672e5	13.8885
134.2800	4970.2432	0.5049
134.4000	1.4911e4	1.5147
134.6400	9940.4863	1.0098
138.0000	1.7431e4	1.7707
142.9200	4970.2432	0.5049
143.1600	1.4911e4	1.5147
158.6400	2.9821e4	3.0294
158.7600	7.7073e4	7.8296
158.8800	4.0273e5	40.9117
159.0000	9.8439e5	100.0000
159.1200	5.0710e5	51.5147
159.2400	1.1929e5	12.1178
159.3600	1.4911e4	1.5147
159.4800	4970.2432	0.5049
159.6000	4970.2432	0.5049
159.7200	2.4851e4	2.5245
160.2000	4970.2432	0.5049
163.0800	1.7431e4	1.7707
163.2000	1.7431e4	1.7707
167.4000	4970.2432	0.5049
174.9600	3.2341e4	3.2854
175.0800	6.7133e4	6.8198
175.2000	9940.4863	1.0098
176.7600	4970.2432	0.5049
176.8800	5.7192e4	5.8100
177.0000	6.9583e4	7.0687
177.1200	8.7014e4	8.8394
177.2400	1.4911e4	1.5147
177.3600	9940.4863	1.0098
177.4800	4970.2432	0.5049
180.9600	3.4861e4	3.5414
181.0800	1.7431e4	1.7707
183.0000	1.7431e4	1.7707
193.2000	3.4861e4	3.5414
198.9600	1.7431e4	1.7707
213.9600	9940.4863	1.0098
214.0800	1.4911e4	1.5147
214.2000	4970.2432	0.5049
214.3200	1.9881e4	2.0196
214.6800	4970.2432	0.5049
221.0400	4970.2432	0.5049
238.8000	2.9821e4	3.0294
238.9200	3.4792e4	3.5344
239.0400	4.9702e4	5.0491
239.1600	1.9881e4	2.0196
239.2800	1.4911e4	1.5147
239.6400	9940.4863	1.0098
240.1200	1.7431e4	1.7707
245.7600	4970.2432	0.5049
255.1200	1.4911e4	1.5147
257.0400	4970.2432	0.5049
260.8800	1.7431e4	1.7707
272.7600	4970.2432	0.5049
272.8800	5.9643e4	6.0589
273.0000	1.3917e5	14.1374
273.1200	7.9524e4	8.0785
273.2400	2.9821e4	3.0294
273.3600	2.4851e4	2.5245
273.9600	4970.2432	0.5049
279.6000	4970.2432	0.5049
291.0000	4970.2432	0.5049
291.1200	4970.2432	0.5049
294.7200	1.7431e4	1.7707
294.9600	5.2292e4	5.3121
295.0800	1.7431e4	1.7707
301.2000	1.7431e4	1.7707
309.7200	4970.2432	0.5049
309.9600	1.7431e4	1.7707
310.0800	1.9881e4	2.0196
312.8400	1.7431e4	1.7707
313.3200	1.7431e4	1.7707
324.1200	1.7431e4	1.7707
327.7200	4970.2432	0.5049
327.9600	4.2282e4	4.2952
328.0800	8.4563e4	8.5905
328.2000	2.4851e4	2.5245
328.3200	1.9881e4	2.0196
328.4400	9940.4863	1.0098
328.5600	4970.2432	0.5049
328.8000	9940.4863	1.0098
329.0400	9940.4863	1.0098
335.1600	4970.2432	0.5049
345.8400	1.7431e4	1.7707
345.9600	1.7431e4	1.7707
346.0800	8.4633e4	8.5975
346.2000	1.4911e4	1.5147
346.3200	4970.2432	0.5049
347.0400	4970.2432	0.5049
352.9200	9940.4863	1.0098
353.0400	4970.2432	0.5049
353.1600	4970.2432	0.5049
354.1200	4970.2432	0.5049
370.5600	4970.2432	0.5049
370.9200	4970.2432	0.5049
371.1600	9940.4863	1.0098
384.7200	4970.2432	0.5049
385.9200	4970.2432	0.5049
390.1200	4970.2432	0.5049
393.1200	1.7431e4	1.7707
404.0400	4970.2432	0.5049
407.6400	6.4613e4	6.5638
407.7600	2.2618e5	22.9768
407.8800	4.0770e5	41.4166
408.0000	5.5190e5	56.0659
408.1200	2.3871e5	24.2497
408.2400	1.3420e5	13.6325
408.3600	4.4732e4	4.5442
408.4800	4970.2432	0.5049
408.6000	2.7371e4	2.7805
408.7200	4970.2432	0.5049
425.6400	6.4682e4	6.5708
425.7600	5.7192e4	5.8100
425.8800	1.2181e5	12.3738
426.0000	1.1684e5	11.8689
426.1200	9.6954e4	9.8492
426.2400	4.7252e4	4.8001
426.4800	1.4911e4	1.5147
427.8000	4970.2432	0.5049
429.7200	1.0458e5	10.6242
429.8400	1.9174e5	19.4777
429.9600	4.5319e5	46.0382
430.0800	2.6146e5	26.5605
430.2000	1.0458e5	10.6242
430.3200	5.2292e4	5.3121
430.4400	5.2292e4	5.3121
430.5600	3.4861e4	3.5414
446.0400	4970.2432	0.5049
447.7200	1.7431e4	1.7707
447.8400	4970.2432	0.5049
469.6800	4970.2432	0.5049
469.9200	4970.2432	0.5049
470.0400	9940.4863	1.0098
470.2800	4970.2432	0.5049
487.6800	1.4911e4	1.5147
487.8000	9940.4863	1.0098
487.9200	2.9821e4	3.0294
488.0400	1.9881e4	2.0196
488.2800	4970.2432	0.5049
489.8400	1.7431e4	1.7707
491.7600	1.7431e4	1.7707
491.8800	1.7431e4	1.7707
505.4400	4970.2432	0.5049
505.5600	9.4435e4	9.5933
505.6800	3.6283e5	36.8583
505.8000	8.9961e5	91.3884
505.9200	8.5985e5	87.3491
506.0400	7.5051e5	76.2411
506.1600	4.0756e5	41.4025
506.2800	1.6402e5	16.6620
506.4000	9.9405e4	10.0982
506.5200	5.9643e4	6.0589
506.6400	2.4851e4	2.5245
506.7600	4970.2432	0.5049
507.0000	4970.2432	0.5049
507.1200	1.9881e4	2.0196
507.3600	4970.2432	0.5049
507.4800	4970.2432	0.5049
507.9600	4970.2432	0.5049
509.8800	1.7431e4	1.7707
527.5200	3.4861e4	3.5414
527.6400	1.9174e5	19.4777
527.7600	6.6236e5	67.2866
527.8800	6.6236e5	67.2866
528.0000	3.3118e5	33.6433
528.1200	1.5687e5	15.9363
528.2400	1.3944e5	14.1656
528.3600	1.7431e4	1.7707
528.4800	1.7431e4	1.7707
549.8400	1.7431e4	1.7707