172.9200	338.5143	0.2430
172.9800	677.0286	0.4861
173.0800	338.5143	0.2430
173.1200	1354.0573	0.9721
173.1800	338.5143	0.2430
173.2000	338.5143	0.2430
173.3200	338.5143	0.2430
180.1200	338.5143	0.2430
181.0000	677.0286	0.4861
181.0200	338.5143	0.2430
181.0600	338.5143	0.2430
181.1000	677.0286	0.4861
181.1200	1015.5430	0.7291
181.1400	338.5143	0.2430
181.1800	677.0286	0.4861
181.2200	338.5143	0.2430
181.2400	338.5143	0.2430
181.3400	338.5143	0.2430
181.9600	677.0286	0.4861
182.0400	1354.0573	0.9721
182.0600	677.0286	0.4861
182.0800	1354.0573	0.9721
182.1000	677.0286	0.4861
182.1200	1354.0573	0.9721
182.1400	1354.0573	0.9721
182.1600	1015.5430	0.7291
182.1800	1354.0573	0.9721
182.2000	1354.0573	0.9721
182.2200	1692.5717	1.2151
182.2400	338.5143	0.2430
182.3200	677.0286	0.4861
182.5400	338.5143	0.2430
182.5600	338.5143	0.2430
182.9200	338.5143	0.2430
182.9600	338.5143	0.2430
182.9800	338.5143	0.2430
183.0400	677.0286	0.4861
183.0600	677.0286	0.4861
183.0800	677.0286	0.4861
183.1000	677.0286	0.4861
183.1200	1015.5430	0.7291
183.1400	1015.5430	0.7291
183.1600	338.5143	0.2430
183.1800	338.5143	0.2430
183.2200	1015.5430	0.7291
183.2400	1015.5430	0.7291
183.2800	338.5143	0.2430
183.3000	338.5143	0.2430
184.0000	1015.5430	0.7291
184.0200	677.0286	0.4861
184.0400	338.5143	0.2430
184.0800	338.5143	0.2430
184.1000	677.0286	0.4861
184.1200	1015.5430	0.7291
184.1400	677.0286	0.4861
184.1600	1692.5717	1.2151
184.2000	677.0286	0.4861
184.4800	677.0286	0.4861
185.0000	338.5143	0.2430
185.0400	338.5143	0.2430
185.0600	677.0286	0.4861
185.0800	2369.6003	1.7012
185.1000	677.0286	0.4861
185.1200	677.0286	0.4861
185.1400	2031.0859	1.4582
185.1600	1015.5430	0.7291
185.1800	338.5143	0.2430
185.2000	338.5143	0.2430
185.2600	338.5143	0.2430
185.2800	338.5143	0.2430
185.3000	338.5143	0.2430
186.0400	1015.5430	0.7291
186.0600	677.0286	0.4861
186.0800	1015.5430	0.7291
186.1000	1692.5717	1.2151
186.1200	4400.6860	3.1594
186.1400	5754.7437	4.1315
186.1600	3046.6289	2.1873
186.1800	2031.0859	1.4582
186.2000	2031.0859	1.4582
186.2200	1354.0573	0.9721
186.2800	677.0286	0.4861
186.3000	677.0286	0.4861
186.9000	338.5143	0.2430
187.0400	1692.5717	1.2151
187.0600	4400.6860	3.1594
187.0800	2708.1145	1.9442
187.1000	4062.1719	2.9163
187.1200	4400.6860	3.1594
187.1400	5416.2290	3.8885
187.1600	3385.1433	2.4303
187.1800	2031.0859	1.4582
187.2000	1354.0573	0.9721
187.2200	2031.0859	1.4582
187.2400	677.0286	0.4861
187.2600	677.0286	0.4861
187.3000	1015.5430	0.7291
187.3400	338.5143	0.2430
187.5800	338.5143	0.2430
188.0400	338.5143	0.2430
188.0800	677.0286	0.4861
188.1000	2031.0859	1.4582
188.1200	2031.0859	1.4582
188.1400	2708.1145	1.9442
188.1600	1015.5430	0.7291
188.1800	1354.0573	0.9721
188.2000	1015.5430	0.7291
188.2200	338.5143	0.2430
188.2600	338.5143	0.2430
188.9000	338.5143	0.2430
188.9800	338.5143	0.2430
189.0000	338.5143	0.2430
189.0200	1015.5430	0.7291
189.0400	1354.0573	0.9721
189.0600	338.5143	0.2430
189.0800	4739.2007	3.4024
189.1000	4062.1719	2.9163
189.1200	3385.1433	2.4303
189.1400	1354.0573	0.9721
189.1600	1354.0573	0.9721
189.2000	677.0286	0.4861
189.2400	677.0286	0.4861
189.3000	338.5143	0.2430
189.9600	338.5143	0.2430
190.0800	677.0286	0.4861
190.1000	338.5143	0.2430
190.1200	338.5143	0.2430
190.1400	677.0286	0.4861
190.1600	1015.5430	0.7291
190.1800	338.5143	0.2430
190.2000	1015.5430	0.7291
190.2600	338.5143	0.2430
190.3400	338.5143	0.2430
190.9000	338.5143	0.2430
190.9200	338.5143	0.2430
190.9400	1692.5717	1.2151
190.9600	3046.6289	2.1873
190.9800	3385.1433	2.4303
191.0000	1.0155e4	7.2909
191.0200	1.3541e4	9.7212
191.0400	3.9268e4	28.1914
191.0600	8.1582e4	58.5700
191.0800	9.9185e4	71.2075
191.1000	9.1737e4	65.8609
191.1200	8.1243e4	58.3270
191.1400	6.1948e4	44.4743
191.1600	4.5022e4	32.3229
191.1800	2.9112e4	20.9005
191.2000	2.0311e4	14.5817
191.2200	1.0155e4	7.2909
191.2400	1.0494e4	7.5339
191.2600	4400.6860	3.1594
191.2800	4062.1719	2.9163
191.3000	4062.1719	2.9163
191.3200	2708.1145	1.9442
191.3400	4739.2007	3.4024
191.3600	2369.6003	1.7012
191.3800	338.5143	0.2430
191.4200	677.0286	0.4861
191.4400	1015.5430	0.7291
191.4600	677.0286	0.4861
191.4800	338.5143	0.2430
191.5200	338.5143	0.2430
191.5400	1015.5430	0.7291
191.5800	338.5143	0.2430
191.6000	677.0286	0.4861
191.6400	338.5143	0.2430
191.7000	338.5143	0.2430
191.9400	677.0286	0.4861
326.0200	87.7500	0.0630
327.1600	87.7500	0.0630
334.9000	87.7500	0.0630
335.0200	87.7500	0.0630
335.0600	87.7500	0.0630
335.0800	87.7500	0.0630
335.1000	351.0000	0.2520
335.1200	702.0000	0.5040
335.1400	351.0000	0.2520
335.1600	614.2500	0.4410
335.1800	526.5000	0.3780
335.2000	351.0000	0.2520
335.2200	702.0000	0.5040
335.2400	351.0000	0.2520
335.2600	175.5000	0.1260
335.2800	175.5000	0.1260
335.3200	175.5000	0.1260
335.3400	87.7500	0.0630
335.3800	87.7500	0.0630
336.0400	87.7500	0.0630
336.0600	263.2500	0.1890
336.0800	87.7500	0.0630
336.1000	175.5000	0.1260
336.1200	175.5000	0.1260
336.1400	702.0000	0.5040
336.1600	526.5000	0.3780
336.1800	877.5000	0.6300
336.2000	175.5000	0.1260
336.2400	351.0000	0.2520
336.2600	263.2500	0.1890
336.3600	87.7500	0.0630
336.8800	175.5000	0.1260
336.9000	87.7500	0.0630
336.9200	175.5000	0.1260
336.9400	87.7500	0.0630
337.0200	175.5000	0.1260
337.0400	351.0000	0.2520
337.0600	351.0000	0.2520
337.1000	438.7500	0.3150
337.1200	87.7500	0.0630
337.1400	263.2500	0.1890
337.1600	87.7500	0.0630
337.1800	351.0000	0.2520
337.2000	175.5000	0.1260
337.2200	87.7500	0.0630
337.2400	87.7500	0.0630
337.2600	175.5000	0.1260
337.2800	263.2500	0.1890
337.3200	175.5000	0.1260
337.3800	175.5000	0.1260
337.4800	87.7500	0.0630
338.0000	87.7500	0.0630
338.0200	87.7500	0.0630
338.0400	175.5000	0.1260
338.0600	263.2500	0.1890
338.0800	263.2500	0.1890
338.1000	263.2500	0.1890
338.1200	175.5000	0.1260
338.1400	438.7500	0.3150
338.1600	87.7500	0.0630
338.1800	87.7500	0.0630
338.2000	175.5000	0.1260
338.2200	87.7500	0.0630
338.2600	175.5000	0.1260
338.2800	351.0000	0.2520
338.3000	87.7500	0.0630
338.3200	263.2500	0.1890
338.6000	87.7500	0.0630
338.8600	263.2500	0.1890
338.9000	702.0000	0.5040
338.9200	614.2500	0.4410
338.9400	877.5000	0.6300
338.9600	1404.0000	1.0080
338.9800	1755.0000	1.2600
339.0000	1579.5000	1.1340
339.0200	1755.0000	1.2600
339.0400	1579.5000	1.1340
339.0600	1316.2500	0.9450
339.0800	1140.7500	0.8190
339.1000	614.2500	0.4410
339.1200	263.2500	0.1890
339.1400	614.2500	0.4410
339.1600	526.5000	0.3780
339.1800	702.0000	0.5040
339.2000	263.2500	0.1890
339.2200	351.0000	0.2520
339.2400	175.5000	0.1260
339.2600	87.7500	0.0630
339.2800	87.7500	0.0630
339.3000	263.2500	0.1890
339.3600	351.0000	0.2520
339.4400	87.7500	0.0630
339.5800	87.7500	0.0630
339.9000	87.7500	0.0630
339.9600	87.7500	0.0630
339.9800	175.5000	0.1260
340.0000	175.5000	0.1260
340.0200	175.5000	0.1260
340.0600	175.5000	0.1260
340.0800	789.7500	0.5670
340.1000	263.2500	0.1890
340.1200	526.5000	0.3780
340.1400	702.0000	0.5040
340.1600	965.2500	0.6930
340.1800	351.0000	0.2520
340.2200	789.7500	0.5670
340.2400	175.5000	0.1260
340.2600	175.5000	0.1260
340.3000	263.2500	0.1890
340.3200	87.7500	0.0630
340.5400	175.5000	0.1260
340.8000	87.7500	0.0630
340.8800	87.7500	0.0630
340.9200	175.5000	0.1260
340.9400	87.7500	0.0630
340.9600	175.5000	0.1260
340.9800	175.5000	0.1260
341.0000	438.7500	0.3150
341.0200	351.0000	0.2520
341.0400	438.7500	0.3150
341.0600	175.5000	0.1260
341.0800	351.0000	0.2520
341.1000	87.7500	0.0630
341.1200	175.5000	0.1260
341.1400	614.2500	0.4410
341.1600	175.5000	0.1260
341.1800	526.5000	0.3780
341.2000	438.7500	0.3150
341.2200	175.5000	0.1260
341.2400	438.7500	0.3150
341.2600	526.5000	0.3780
341.2800	877.5000	0.6300
341.3000	789.7500	0.5670
341.3200	877.5000	0.6300
341.3400	263.2500	0.1890
341.3600	263.2500	0.1890
341.4000	87.7500	0.0630
341.4400	175.5000	0.1260
341.4800	87.7500	0.0630
341.5600	87.7500	0.0630
341.7800	87.7500	0.0630
342.0400	175.5000	0.1260
342.0800	87.7500	0.0630
342.1000	438.7500	0.3150
342.1200	351.0000	0.2520
342.1400	526.5000	0.3780
342.1600	702.0000	0.5040
342.1800	1053.0000	0.7560
342.2000	1053.0000	0.7560
342.2200	351.0000	0.2520
342.2400	351.0000	0.2520
342.2600	175.5000	0.1260
342.2800	351.0000	0.2520
342.3000	263.2500	0.1890
342.3400	87.7500	0.0630
342.3600	175.5000	0.1260
342.4400	263.2500	0.1890
342.5000	87.7500	0.0630
342.8400	87.7500	0.0630
342.8600	87.7500	0.0630
342.9400	175.5000	0.1260
342.9600	87.7500	0.0630
342.9800	263.2500	0.1890
343.0200	87.7500	0.0630
343.0400	438.7500	0.3150
343.0600	175.5000	0.1260
343.0800	263.2500	0.1890
343.1000	263.2500	0.1890
343.1200	263.2500	0.1890
343.1400	614.2500	0.4410
343.1600	614.2500	0.4410
343.1800	614.2500	0.4410
343.2000	789.7500	0.5670
343.2200	789.7500	0.5670
343.2400	263.2500	0.1890
343.2600	351.0000	0.2520
343.2800	87.7500	0.0630
343.3000	263.2500	0.1890
343.3400	87.7500	0.0630
343.3600	87.7500	0.0630
343.4000	87.7500	0.0630
343.4400	87.7500	0.0630
343.4800	87.7500	0.0630
343.7400	87.7500	0.0630
343.8000	87.7500	0.0630
343.9200	175.5000	0.1260
343.9400	175.5000	0.1260
343.9600	87.7500	0.0630
343.9800	87.7500	0.0630
344.0400	351.0000	0.2520
344.0600	87.7500	0.0630
344.0800	438.7500	0.3150
344.1000	438.7500	0.3150
344.1200	438.7500	0.3150
344.1400	87.7500	0.0630
344.1600	87.7500	0.0630
344.1800	87.7500	0.0630
344.2000	263.2500	0.1890
344.2200	351.0000	0.2520
344.2400	175.5000	0.1260
344.2600	175.5000	0.1260
344.3000	175.5000	0.1260
344.3200	175.5000	0.1260
344.7600	87.7500	0.0630
344.8400	175.5000	0.1260
344.8800	87.7500	0.0630
344.9200	87.7500	0.0630
344.9600	87.7500	0.0630
345.0200	87.7500	0.0630
345.0400	87.7500	0.0630
345.0600	526.5000	0.3780
345.0800	351.0000	0.2520
345.1000	438.7500	0.3150
345.1200	526.5000	0.3780
345.1400	438.7500	0.3150
345.1600	263.2500	0.1890
345.1800	351.0000	0.2520
345.2000	351.0000	0.2520
345.2200	175.5000	0.1260
345.2400	175.5000	0.1260
345.3800	175.5000	0.1260
345.4000	87.7500	0.0630
502.2400	1678.1879	1.2048
502.3600	839.0939	0.6024
502.8600	839.0939	0.6024
502.9000	1678.1879	1.2048
502.9200	1678.1879	1.2048
502.9400	839.0939	0.6024
502.9600	839.0939	0.6024
502.9800	839.0939	0.6024
503.0200	839.0939	0.6024
503.0400	839.0939	0.6024
503.1200	2517.2820	1.8072
503.2000	839.0939	0.6024
503.3400	839.0939	0.6024
503.9000	839.0939	0.6024
503.9200	839.0939	0.6024
503.9400	1678.1879	1.2048
504.0200	1678.1879	1.2048
504.0400	1678.1879	1.2048
504.0600	1678.1879	1.2048
504.1800	839.0939	0.6024
504.3600	839.0939	0.6024
504.9200	839.0939	0.6024
504.9400	1678.1879	1.2048
504.9600	2517.2820	1.8072
504.9800	1678.1879	1.2048
505.1200	839.0939	0.6024
505.7400	839.0939	0.6024
505.8200	1678.1879	1.2048
505.8400	3356.3757	2.4096
505.8600	1.5943e4	11.4458
505.8800	3.2725e4	23.4940
505.9000	6.4610e4	46.3855
505.9200	7.8875e4	56.6265
505.9400	1.3929e5	100.0000
505.9600	1.1496e5	82.5301
505.9800	9.2300e4	66.2651
506.0000	7.9714e4	57.2289
506.0200	5.7897e4	41.5663
506.0400	3.5242e4	25.3012
506.0600	2.9368e4	21.0843
506.0800	1.0908e4	7.8313
506.1000	1.0908e4	7.8313
506.1200	9230.0332	6.6265
506.1400	1678.1879	1.2048
506.1600	839.0939	0.6024
506.1800	2517.2820	1.8072
506.2000	4195.4697	3.0120
506.2200	2517.2820	1.8072
506.2600	839.0939	0.6024
506.2800	839.0939	0.6024
506.3000	1678.1879	1.2048
506.3200	1678.1879	1.2048
506.4600	839.0939	0.6024
506.7800	839.0939	0.6024
506.8400	839.0939	0.6024
506.8600	6712.7515	4.8193
506.8800	4195.4697	3.0120
506.9000	1.4265e4	10.2410
506.9200	9230.0332	6.6265
506.9400	1.2586e4	9.0361
506.9600	1.3426e4	9.6386
506.9800	2.3495e4	16.8675
507.0000	9230.0332	6.6265
507.0200	1.4265e4	10.2410
507.0400	2517.2820	1.8072
507.0600	1678.1879	1.2048
507.1000	1678.1879	1.2048
507.1200	1678.1879	1.2048
507.1400	1678.1879	1.2048
507.2400	839.0939	0.6024
507.4000	839.0939	0.6024
507.8600	839.0939	0.6024
507.8800	839.0939	0.6024
507.9000	3356.3757	2.4096
507.9200	1678.1879	1.2048
507.9400	1678.1879	1.2048
507.9600	1678.1879	1.2048
507.9800	3356.3757	2.4096
508.0000	839.0939	0.6024
508.0200	4195.4697	3.0120
508.0400	839.0939	0.6024
508.0600	839.0939	0.6024
508.1000	839.0939	0.6024
508.9400	1678.1879	1.2048
509.9000	1678.1879	1.2048
509.9800	839.0939	0.6024
512.0200	839.0939	0.6024
512.2800	839.0939	0.6024