769.6800	1.2500	0.1604
769.9800	1.2500	0.1604
770.0000	1.2500	0.1604
770.0600	1.4759	0.1893
770.2800	2.9518	0.3787
770.7600	1.2500	0.1604
771.0800	1.2500	0.1604
771.2600	1.4759	0.1893
772.0200	2.5000	0.3207
772.1000	1.2500	0.1604
773.0600	1.2500	0.1604
775.3800	1.4759	0.1893
777.3400	3.7500	0.4811
778.0000	2.9518	0.3787
779.7600	1.4759	0.1893
779.8000	1.2500	0.1604
779.8800	2.7259	0.3497
779.9000	2.7259	0.3497
779.9200	2.5000	0.3207
779.9400	4.2018	0.5390
779.9800	2.7259	0.3497
780.0000	1.4759	0.1893
780.0200	1.2500	0.1604
780.0400	3.7500	0.4811
780.0600	1.4759	0.1893
780.0800	1.2500	0.1604
780.1000	8.1777	1.0491
780.1200	4.2018	0.5390
780.1400	9.2018	1.1804
780.1800	1.2500	0.1604
780.2000	1.4759	0.1893
780.2200	5.6777	0.7284
780.2600	1.2500	0.1604
780.3000	2.7259	0.3497
780.3200	2.9518	0.3787
780.3400	2.9518	0.3787
780.3600	2.7259	0.3497
780.3800	2.5000	0.3207
780.4000	3.9759	0.5100
780.4200	2.5000	0.3207
780.4400	2.7259	0.3497
780.4600	3.9759	0.5100
780.4800	1.2500	0.1604
780.5400	2.5000	0.3207
780.5600	1.2500	0.1604
780.6200	1.4759	0.1893
780.6400	1.2500	0.1604
780.6600	1.4759	0.1893
780.6800	1.4759	0.1893
780.7000	1.2500	0.1604
780.7200	2.5000	0.3207
780.7400	1.4759	0.1893
780.7600	1.4759	0.1893
780.7800	3.7500	0.4811
780.8000	10.9036	1.3988
780.8200	8.1777	1.0491
780.8400	4.4277	0.5680
780.8600	19.3073	2.4768
780.8800	11.9277	1.5301
780.9000	13.4036	1.7195
780.9200	11.1295	1.4277
780.9400	7.7259	0.9911
780.9600	14.6536	1.8798
780.9800	22.1536	2.8420
781.0000	14.2018	1.8219
781.0200	19.0813	2.4478
781.0400	27.0332	3.4679
781.0600	20.4518	2.6236
781.0800	7.9518	1.0201
781.1000	13.4036	1.7195
781.1200	7.9518	1.0201
781.1400	14.6536	1.8798
781.1600	12.7259	1.6325
781.1800	13.6295	1.7485
781.2000	15.9036	2.0402
781.2200	4.2018	0.5390
781.2400	5.2259	0.6704
781.2600	2.5000	0.3207
781.2800	4.2018	0.5390
781.3000	2.5000	0.3207
781.3200	5.9036	0.7573
781.3400	2.9518	0.3787
781.3600	6.9277	0.8887
781.3800	2.7259	0.3497
781.4000	4.2018	0.5390
781.4200	1.4759	0.1893
781.4600	1.2500	0.1604
781.4800	1.2500	0.1604
781.6200	3.9759	0.5100
781.6400	2.5000	0.3207
781.6800	2.9518	0.3787
781.7200	4.2018	0.5390
781.7400	2.5000	0.3207
781.7600	1.4759	0.1893
781.7800	8.1777	1.0491
781.8200	8.4036	1.0781
781.8400	7.1536	0.9177
781.8600	5.4518	0.6994
781.8800	5.4518	0.6994
781.9000	15.6777	2.0112
781.9200	27.3795	3.5124
781.9400	18.4036	2.3609
781.9600	30.7832	3.9490
781.9800	27.6054	3.5413
782.0000	35.5573	4.5614
782.0200	32.6054	4.1828
782.0400	35.3313	4.5325
782.0600	29.6536	3.8041
782.0800	30.6777	3.9355
782.1000	41.2350	5.2898
782.1200	35.1054	4.5035
782.1400	36.8073	4.7218
782.1600	27.8313	3.5703
782.1800	27.2591	3.4969
782.2000	20.5573	2.6372
782.2200	15.3313	1.9668
782.2400	17.0332	2.1851
782.2600	7.9518	1.0201
782.2800	11.1295	1.4277
782.3000	6.9277	0.8887
782.3200	6.7018	0.8597
782.3400	1.2500	0.1604
782.3600	1.4759	0.1893
782.3800	1.2500	0.1604
782.4000	2.5000	0.3207
782.4200	4.4277	0.5680
782.4400	2.7259	0.3497
782.4600	1.4759	0.1893
782.4800	2.5000	0.3207
782.5000	3.9759	0.5100
782.5200	1.2500	0.1604
782.5400	1.4759	0.1893
782.6000	2.5000	0.3207
782.6800	2.7259	0.3497
782.7000	5.4518	0.6994
782.7200	6.7018	0.8597
782.7400	3.9759	0.5100
782.7600	9.4277	1.2094
782.7800	8.9759	1.1515
782.8000	21.8073	2.7975
782.8200	10.4518	1.3408
782.8400	11.2500	1.4432
782.8600	4.4277	0.5680
782.8800	6.2500	0.8018
782.9000	11.4759	1.4722
782.9200	13.4036	1.7195
782.9400	5.4518	0.6994
782.9600	11.9277	1.5301
782.9800	25.5573	3.2786
783.0000	21.9277	2.8130
783.0200	27.2591	3.4969
783.0400	24.3073	3.1182
783.0600	23.4036	3.0023
783.0800	24.0813	3.0893
783.1000	33.9609	4.3566
783.1200	18.8554	2.4189
783.1400	18.8554	2.4189
783.1600	20.5573	2.6372
783.1800	13.8554	1.7774
783.2000	6.7018	0.8597
783.2200	22.9368	2.9424
783.2400	5.2259	0.6704
783.2600	3.9759	0.5100
783.2800	8.4036	1.0781
783.3000	6.4759	0.8308
783.3200	5.2259	0.6704
783.3400	1.2500	0.1604
783.3600	7.3795	0.9467
783.3800	11.3554	1.4567
783.4000	3.7500	0.4811
783.4200	2.7259	0.3497
783.4400	9.2018	1.1804
783.4600	1.4759	0.1893
783.4800	3.9759	0.5100
783.5000	2.9518	0.3787
783.5800	1.4759	0.1893
783.6000	2.9518	0.3787
783.6200	2.7259	0.3497
783.6400	2.5000	0.3207
783.6600	5.2259	0.6704
783.6800	1.4759	0.1893
783.7000	5.2259	0.6704
783.7200	2.5000	0.3207
783.7400	10.6777	1.3698
783.7600	10.6777	1.3698
783.7800	11.7018	1.5012
783.8000	5.4518	0.6994
783.8200	16.3554	2.0981
783.8400	9.6536	1.2384
783.8600	15.1054	1.9378
783.8800	13.4036	1.7195
783.9000	15.5573	1.9957
783.9200	21.5813	2.7685
783.9400	30.5573	3.9200
783.9600	14.4277	1.8508
783.9800	26.6868	3.4235
784.0000	56.4458	7.2411
784.0200	135.3616	17.3648
784.0400	259.7292	33.3192
784.0600	410.3167	52.6372
784.0800	545.5429	69.9845
784.1000	743.5552	95.3864
784.1200	779.5192	100.0000
784.1400	645.0913	82.7550
784.1600	551.9587	70.8076
784.1800	364.0367	46.7002
784.2000	262.4100	33.6631
784.2200	214.7292	27.5464
784.2400	132.6207	17.0131
784.2600	78.4640	10.0657
784.2800	58.9308	7.5599
784.3000	32.5904	4.1808
784.3200	17.4850	2.2430
784.3400	10.1054	1.2964
784.3600	15.7832	2.0247
784.3800	5.9036	0.7573
784.4000	5.6777	0.7284
784.4200	10.3313	1.3253
784.4400	2.9518	0.3787
784.4800	2.9518	0.3787
784.5000	6.9277	0.8887
784.5200	1.2500	0.1604
784.5400	3.9759	0.5100
784.5600	2.5000	0.3207
784.5800	5.4518	0.6994
784.6000	1.2500	0.1604
784.6200	6.9277	0.8887
784.6400	10.1054	1.2964
784.6600	3.9759	0.5100
784.6800	6.7018	0.8597
784.7000	5.6777	0.7284
784.7200	3.9759	0.5100
784.7400	5.6777	0.7284
784.7600	7.9518	1.0201
784.7800	16.9277	2.1716
784.8000	14.8795	1.9088
784.8200	12.1536	1.5591
784.8400	18.8554	2.4189
784.8600	19.6536	2.5212
784.8800	18.0573	2.3165
784.9000	22.0332	2.8265
784.9200	31.0091	3.9780
784.9400	20.1054	2.5792
784.9600	33.5091	4.2987
784.9800	51.7922	6.6441
785.0000	61.8977	7.9405
785.0200	105.3917	13.5201
785.0400	171.8075	22.0402
785.0600	220.3015	28.2612
785.0800	261.6269	33.5626
785.1000	266.2955	34.1615
785.1200	247.6660	31.7716
785.1400	165.5575	21.2384
785.1600	157.0484	20.1468
785.1800	79.9399	10.2550
785.2000	82.4399	10.5757
785.2200	57.9067	7.4285
785.2400	35.1958	4.5151
785.2600	16.3554	2.0981
785.2800	17.3795	2.2295
785.3000	12.6054	1.6171
785.3200	5.2259	0.6704
785.3400	3.9759	0.5100
785.3600	15.5573	1.9957
785.3800	2.7259	0.3497
785.4200	4.2018	0.5390
785.4400	2.7259	0.3497
785.4600	1.4759	0.1893
785.5200	1.2500	0.1604
785.5800	5.4518	0.6994
785.6000	1.4759	0.1893
785.6200	4.2018	0.5390
785.6400	2.9518	0.3787
785.6600	2.7259	0.3497
785.6800	2.7259	0.3497
785.7000	5.2259	0.6704
785.7200	3.7500	0.4811
785.7400	11.9277	1.5301
785.7600	15.3313	1.9668
785.7800	7.9518	1.0201
785.8000	19.0813	2.4478
785.8200	10.9036	1.3988
785.8400	12.1536	1.5591
785.8600	18.8554	2.4189
785.8800	14.3073	1.8354
785.9000	8.9759	1.1515
785.9200	13.6295	1.7485
785.9400	26.8073	3.4389
785.9600	26.5813	3.4100
785.9800	22.2591	2.8555
786.0000	49.5181	6.3524
786.0200	38.6145	4.9536
786.0400	58.4790	7.5019
786.0600	92.3194	11.8431
786.0800	65.4067	8.3906
786.1000	68.1326	8.7403
786.1200	59.3977	7.6198
786.1400	31.1145	3.9915
786.1600	37.9368	4.8667
786.1800	30.0904	3.8601
786.2000	30.4368	3.9046
786.2200	10.9036	1.3988
786.2400	9.6536	1.2384
786.2600	11.5813	1.4857
786.2800	1.2500	0.1604
786.3000	6.9277	0.8887
786.3200	6.7018	0.8597
786.3400	6.9277	0.8887
786.3600	6.7018	0.8597
786.3800	5.6777	0.7284
786.4000	1.2500	0.1604
786.4200	1.4759	0.1893
786.5200	6.2500	0.8018
786.5400	1.2500	0.1604
786.5600	2.7259	0.3497
786.5800	2.7259	0.3497
786.6200	3.9759	0.5100
786.6400	2.9518	0.3787
786.6600	1.4759	0.1893
786.6800	10.2259	1.3118
786.7000	13.4036	1.7195
786.7200	5.6777	0.7284
786.7400	21.2350	2.7241
786.7600	14.6536	1.8798
786.7800	16.5813	2.1271
786.8000	7.1536	0.9177
786.8200	15.1054	1.9378
786.8400	21.0091	2.6951
786.8600	19.0813	2.4478
786.8800	10.4518	1.3408
786.9000	16.5813	2.1271
786.9200	27.6054	3.5413
786.9400	9.2018	1.1804
786.9600	21.0091	2.6951
786.9800	6.9277	0.8887
787.0000	27.4850	3.5259
787.0200	24.0813	3.0893
787.0400	17.0332	2.1851
787.0600	21.8073	2.7975
787.0800	31.2350	4.0070
787.1000	18.5091	2.3744
787.1200	17.0332	2.1851
787.1400	11.1295	1.4277
787.1600	18.0573	2.3165
787.1800	18.5091	2.3744
787.2000	6.4759	0.8308
787.2200	9.4277	1.2094
787.2400	3.9759	0.5100
787.2600	12.1536	1.5591
787.2800	3.9759	0.5100
787.3000	7.9518	1.0201
787.3200	1.4759	0.1893
787.3400	3.7500	0.4811
787.3600	5.6777	0.7284
787.3800	2.7259	0.3497
787.4200	1.4759	0.1893
787.4400	2.5000	0.3207
787.4600	1.2500	0.1604
787.5000	1.4759	0.1893
787.5200	1.4759	0.1893
787.5800	1.2500	0.1604
787.6000	4.4277	0.5680
787.6200	7.3795	0.9467
787.6400	5.2259	0.6704
787.6600	5.4518	0.6994
787.6800	13.4036	1.7195
787.7000	12.3795	1.5881
787.7200	7.9518	1.0201
787.7400	5.2259	0.6704
787.7600	17.1536	2.2005
787.7800	9.4277	1.2094
787.8000	10.9036	1.3988
787.8200	15.5573	1.9957
787.8400	14.6536	1.8798
787.8600	14.4277	1.8508
787.8800	25.1054	3.2206
787.9000	21.5813	2.7685
787.9200	17.0332	2.1851
787.9400	17.3795	2.2295
787.9600	23.8554	3.0603
787.9800	10.6777	1.3698
788.0000	22.8313	2.9289
788.0200	16.3554	2.0981
788.0400	15.3313	1.9668
788.0600	9.6536	1.2384
788.0800	14.0813	1.8064
788.1000	15.9036	2.0402
788.1200	8.1777	1.0491
788.1400	12.1536	1.5591
788.1600	9.8795	1.2674
788.1800	12.3795	1.5881
788.2000	9.8795	1.2674
788.2200	1.4759	0.1893
788.2400	2.9518	0.3787
788.2600	5.0000	0.6414
788.2800	9.2018	1.1804
788.3000	5.2259	0.6704
788.3200	1.4759	0.1893
788.3400	2.7259	0.3497
788.3800	2.9518	0.3787
788.4000	1.4759	0.1893
788.4400	1.4759	0.1893
788.4800	1.4759	0.1893
788.5400	1.4759	0.1893
788.5600	1.2500	0.1604
788.5800	1.4759	0.1893
788.6000	1.4759	0.1893
788.6200	4.2018	0.5390
788.6400	6.9277	0.8887
788.6600	5.4518	0.6994
788.6800	5.6777	0.7284
788.7000	9.8795	1.2674
788.7200	6.9277	0.8887
788.7400	7.9518	1.0201
788.7600	13.1777	1.6905
788.7800	15.3313	1.9668
788.8000	11.7018	1.5012
788.8200	10.1054	1.2964
788.8400	13.1777	1.6905
788.8600	16.3554	2.0981
788.8800	13.8554	1.7774
788.9000	13.6295	1.7485
788.9200	10.2259	1.3118
788.9400	25.3313	3.2496
788.9600	23.6295	3.0313
788.9800	20.5573	2.6372
789.0000	22.7109	2.9134
789.0200	19.3073	2.4768
789.0400	11.1295	1.4277
789.0600	5.4518	0.6994
789.0800	22.0332	2.8265
789.1000	13.6295	1.7485
789.1200	12.1536	1.5591
789.1400	8.4036	1.0781
789.1600	9.8795	1.2674
789.1800	11.9277	1.5301
789.2000	3.9759	0.5100
789.2200	10.9036	1.3988
789.2400	4.2018	0.5390
789.2600	9.6536	1.2384
789.2800	5.2259	0.6704
789.3000	5.4518	0.6994
789.3200	5.4518	0.6994
789.3400	1.2500	0.1604
789.4000	2.7259	0.3497
789.4200	1.2500	0.1604
789.4600	1.2500	0.1604
789.5200	1.2500	0.1604
789.5600	7.7259	0.9911
789.5800	1.2500	0.1604
789.6000	1.4759	0.1893
789.6200	1.2500	0.1604
789.6400	6.9277	0.8887
789.6600	7.1536	0.9177
789.6800	8.6295	1.1070
789.7000	2.7259	0.3497
789.7200	14.2018	1.8219
789.7400	14.6536	1.8798
789.7600	15.1054	1.9378
789.7800	24.5332	3.1472
789.8000	7.9518	1.0201
789.8200	16.3554	2.0981
789.8400	13.4036	1.7195
789.8600	7.9518	1.0201
789.8800	22.3795	2.8709
789.9000	26.0091	3.3366
789.9200	35.6627	4.5750
789.9400	21.5813	2.7685
789.9600	19.0813	2.4478
789.9800	19.8795	2.5502
790.0000	7.9518	1.0201
790.0200	13.8554	1.7774
790.0400	20.5573	2.6372
790.0600	16.1295	2.0692
790.0800	9.4277	1.2094
790.1000	16.5813	2.1271
790.1200	10.2259	1.3118
790.1400	11.8073	1.5147
790.1600	6.4759	0.8308
790.1800	2.7259	0.3497
790.2000	5.4518	0.6994
790.2200	6.9277	0.8887
790.2400	2.5000	0.3207
790.2800	2.9518	0.3787
790.3200	3.7500	0.4811
790.3400	2.5000	0.3207
790.3800	4.4277	0.5680
790.4200	1.2500	0.1604
790.4600	1.2500	0.1604
790.4800	1.4759	0.1893
790.5600	2.5000	0.3207
790.6200	1.4759	0.1893
790.6800	1.2500	0.1604
790.7200	1.4759	0.1893