173.0600	361.1018	0.2959
173.0800	361.1018	0.2959
173.1000	361.1018	0.2959
173.1200	1444.4072	1.1834
173.1400	722.2036	0.5917
173.1600	722.2036	0.5917
173.2000	361.1018	0.2959
181.0200	361.1018	0.2959
181.0800	361.1018	0.2959
181.1000	361.1018	0.2959
181.1400	361.1018	0.2959
181.1800	722.2036	0.5917
181.2200	722.2036	0.5917
181.3400	361.1018	0.2959
181.9400	361.1018	0.2959
182.0000	361.1018	0.2959
182.0200	361.1018	0.2959
182.0400	1444.4072	1.1834
182.0600	1444.4072	1.1834
182.0800	722.2036	0.5917
182.1000	1444.4072	1.1834
182.1200	3249.9165	2.6627
182.1400	2527.7126	2.0710
182.1600	2527.7126	2.0710
182.2000	722.2036	0.5917
182.2200	361.1018	0.2959
182.2400	361.1018	0.2959
182.2800	361.1018	0.2959
182.4400	722.2036	0.5917
182.4600	361.1018	0.2959
182.7000	361.1018	0.2959
182.9800	361.1018	0.2959
183.0000	722.2036	0.5917
183.0200	361.1018	0.2959
183.0600	361.1018	0.2959
183.0800	722.2036	0.5917
183.1000	1805.5092	1.4793
183.1200	1083.3054	0.8876
183.1400	1083.3054	0.8876
183.2200	722.2036	0.5917
183.2600	361.1018	0.2959
184.0800	361.1018	0.2959
184.1200	361.1018	0.2959
184.1400	361.1018	0.2959
184.1600	1083.3054	0.8876
184.1800	1083.3054	0.8876
184.2000	722.2036	0.5917
184.9200	361.1018	0.2959
184.9400	361.1018	0.2959
185.0000	1083.3054	0.8876
185.0600	722.2036	0.5917
185.0800	1444.4072	1.1834
185.1000	1805.5092	1.4793
185.1200	1805.5092	1.4793
185.1400	1805.5092	1.4793
185.1600	1444.4072	1.1834
185.1800	361.1018	0.2959
185.2200	361.1018	0.2959
185.4600	361.1018	0.2959
186.0400	722.2036	0.5917
186.0600	1805.5092	1.4793
186.0800	1444.4072	1.1834
186.1000	3249.9165	2.6627
186.1200	4694.3237	3.8462
186.1400	6499.8330	5.3254
186.1600	7944.2402	6.5089
186.1800	4333.2217	3.5503
186.2000	2527.7126	2.0710
186.2200	1805.5092	1.4793
186.2400	2166.6108	1.7751
186.2600	361.1018	0.2959
186.2800	361.1018	0.2959
186.3000	361.1018	0.2959
186.3200	361.1018	0.2959
186.3800	361.1018	0.2959
186.4000	361.1018	0.2959
186.5800	361.1018	0.2959
187.0000	1805.5092	1.4793
187.0200	722.2036	0.5917
187.0400	1083.3054	0.8876
187.0600	3249.9165	2.6627
187.0800	3249.9165	2.6627
187.1000	5416.5273	4.4379
187.1200	1.1916e4	9.7633
187.1400	1.1555e4	9.4675
187.1600	1.1916e4	9.7633
187.1800	5055.4253	4.1420
187.2000	5055.4253	4.1420
187.2200	5416.5273	4.4379
187.2400	1444.4072	1.1834
187.2600	2527.7126	2.0710
187.2800	722.2036	0.5917
187.3000	722.2036	0.5917
187.3200	722.2036	0.5917
187.4200	361.1018	0.2959
187.8800	361.1018	0.2959
188.0200	722.2036	0.5917
188.0800	2888.8145	2.3669
188.1000	1083.3054	0.8876
188.1200	1805.5092	1.4793
188.1400	2527.7126	2.0710
188.1600	1083.3054	0.8876
188.1800	3611.0183	2.9586
188.2000	1805.5092	1.4793
188.2200	722.2036	0.5917
188.2400	722.2036	0.5917
188.2600	361.1018	0.2959
188.2800	361.1018	0.2959
188.3400	361.1018	0.2959
188.3800	361.1018	0.2959
188.9600	361.1018	0.2959
188.9800	361.1018	0.2959
189.0000	1083.3054	0.8876
189.0200	3611.0183	2.9586
189.0400	3972.1201	3.2544
189.0600	8305.3418	6.8047
189.0800	1.6611e4	13.6095
189.1000	1.0111e4	8.2840
189.1200	1.5888e4	13.0178
189.1400	1.3361e4	10.9467
189.1600	5416.5273	4.4379
189.1800	3972.1201	3.2544
189.2000	2166.6108	1.7751
189.2200	1805.5092	1.4793
189.2400	1444.4072	1.1834
189.2600	1805.5092	1.4793
189.2800	722.2036	0.5917
189.3000	1444.4072	1.1834
189.3200	361.1018	0.2959
189.3800	722.2036	0.5917
189.4000	361.1018	0.2959
189.4800	361.1018	0.2959
190.0600	1444.4072	1.1834
190.0800	1444.4072	1.1834
190.1000	2527.7126	2.0710
190.1200	361.1018	0.2959
190.1400	2166.6108	1.7751
190.1600	722.2036	0.5917
190.1800	722.2036	0.5917
190.3200	361.1018	0.2959
190.9600	1805.5092	1.4793
190.9800	5055.4253	4.1420
191.0000	7222.0366	5.9172
191.0200	1.5527e4	12.7219
191.0400	4.0082e4	32.8402
191.0600	7.4026e4	60.6509
191.0800	1.0580e5	86.6864
191.1000	1.2205e5	100.0000
191.1200	1.0039e5	82.2485
191.1400	7.2581e4	59.4675
191.1600	5.1276e4	42.0118
191.1800	3.2499e4	26.6272
191.2000	1.8055e4	14.7929
191.2200	1.1194e4	9.1716
191.2400	1.1555e4	9.4675
191.2600	7583.1382	6.2130
191.2800	2888.8145	2.3669
191.3000	3249.9165	2.6627
191.3200	4333.2217	3.5503
191.3400	2888.8145	2.3669
191.3600	2527.7126	2.0710
191.3800	1083.3054	0.8876
191.4000	722.2036	0.5917
191.4200	361.1018	0.2959
191.4400	1805.5092	1.4793
191.4600	361.1018	0.2959
191.4800	1444.4072	1.1834
191.5200	361.1018	0.2959
191.5600	361.1018	0.2959
191.7600	361.1018	0.2959
502.1200	26.4875	0.0217
502.1600	26.4875	0.0217
502.2200	26.4875	0.0217
502.2400	79.4625	0.0651
502.3200	26.4875	0.0217
502.4400	26.4875	0.0217
502.5400	26.4875	0.0217
503.0400	26.4875	0.0217
503.0600	26.4875	0.0217
503.1000	26.4875	0.0217
503.1200	52.9750	0.0434
503.1600	26.4875	0.0217
503.1800	79.4625	0.0651
503.2000	26.4875	0.0217
503.2200	52.9750	0.0434
503.2400	26.4875	0.0217
503.2600	52.9750	0.0434
503.2800	79.4625	0.0651
503.3000	79.4625	0.0651
503.3200	26.4875	0.0217
503.3400	52.9750	0.0434
503.3800	26.4875	0.0217
503.4200	26.4875	0.0217
503.4400	52.9750	0.0434
503.8600	26.4875	0.0217
503.8800	52.9750	0.0434
503.9000	132.4375	0.1085
503.9200	132.4375	0.1085
503.9400	450.2875	0.3689
503.9600	423.8000	0.3472
503.9800	635.7000	0.5208
504.0000	609.2125	0.4991
504.0200	529.7500	0.4340
504.0400	423.8000	0.3472
504.0600	291.3625	0.2387
504.0800	185.4125	0.1519
504.1000	291.3625	0.2387
504.1200	132.4375	0.1085
504.1400	79.4625	0.0651
504.1600	158.9250	0.1302
504.1800	79.4625	0.0651
504.2200	52.9750	0.0434
504.2400	26.4875	0.0217
504.2600	52.9750	0.0434
504.2800	52.9750	0.0434
504.3000	105.9500	0.0868
504.3200	26.4875	0.0217
504.3400	26.4875	0.0217
504.3600	26.4875	0.0217
504.3800	26.4875	0.0217
504.4200	26.4875	0.0217
504.5000	26.4875	0.0217
504.7400	26.4875	0.0217
504.8200	211.9000	0.1736
504.8400	264.8750	0.2170
504.8600	953.5500	0.7813
504.8800	2119.0000	1.7361
504.9000	4847.2124	3.9714
504.9200	7178.1128	5.8812
504.9400	7072.1626	5.7944
504.9600	6489.4375	5.3169
504.9800	6648.3628	5.4471
505.0000	4132.0503	3.3855
505.0200	3708.2500	3.0382
505.0400	2251.4375	1.8446
505.0600	1695.2001	1.3889
505.0800	927.0625	0.7596
505.1000	609.2125	0.4991
505.1200	397.3125	0.3255
505.1400	397.3125	0.3255
505.1600	132.4375	0.1085
505.1800	52.9750	0.0434
505.2000	79.4625	0.0651
505.2200	26.4875	0.0217
505.2400	211.9000	0.1736
505.2600	158.9250	0.1302
505.2800	158.9250	0.1302
505.3000	105.9500	0.0868
505.3200	105.9500	0.0868
505.3800	79.4625	0.0651
505.4200	52.9750	0.0434
505.4600	26.4875	0.0217
505.5000	26.4875	0.0217
505.5800	26.4875	0.0217
505.7200	26.4875	0.0217
505.8200	52.9750	0.0434
505.8400	370.8250	0.3038
505.8600	370.8250	0.3038
505.8800	794.6250	0.6511
505.9000	1536.2750	1.2587
505.9200	2066.0251	1.6927
505.9400	2092.5125	1.7144
505.9600	2569.2876	2.1051
505.9800	2119.0000	1.7361
506.0000	1880.6125	1.5408
506.0200	1244.9125	1.0200
506.0400	980.0375	0.8030
506.0600	768.1375	0.6294
506.0800	397.3125	0.3255
506.1000	397.3125	0.3255
506.1200	105.9500	0.0868
506.1400	52.9750	0.0434
506.1600	132.4375	0.1085
506.1800	26.4875	0.0217
506.2000	132.4375	0.1085
506.2200	52.9750	0.0434
506.2400	52.9750	0.0434
506.2600	79.4625	0.0651
506.2800	105.9500	0.0868
506.3000	105.9500	0.0868
506.3200	26.4875	0.0217
506.3400	79.4625	0.0651
506.3600	26.4875	0.0217
506.3800	26.4875	0.0217
506.8000	26.4875	0.0217
506.8400	26.4875	0.0217
506.8600	185.4125	0.1519
506.8800	211.9000	0.1736
506.9000	768.1375	0.6294
506.9200	344.3375	0.2821
506.9400	503.2625	0.4123
506.9600	423.8000	0.3472
506.9800	727.1290	0.5958
507.0000	454.4556	0.3723
507.0200	545.3467	0.4468
507.0400	818.0201	0.6702
507.0600	90.8911	0.0745
507.0800	90.8911	0.0745
507.1000	90.8911	0.0745
507.1400	636.2379	0.5213
507.1600	181.7823	0.1489
507.1800	272.6734	0.2234
507.2000	272.6734	0.2234
507.2200	363.5645	0.2979
507.2400	363.5645	0.2979
507.2600	272.6734	0.2234
507.2800	181.7823	0.1489
507.3200	90.8911	0.0745
507.4600	90.8911	0.0745
507.8400	90.8911	0.0745
507.8600	90.8911	0.0745
507.8800	90.8911	0.0745
507.9200	272.6734	0.2234
507.9400	727.1290	0.5958
507.9600	181.7823	0.1489
507.9800	272.6734	0.2234
508.0000	272.6734	0.2234
508.0200	363.5645	0.2979
508.0400	363.5645	0.2979
508.0600	181.7823	0.1489
508.0800	545.3467	0.4468
508.1200	181.7823	0.1489
508.1400	90.8911	0.0745
508.1600	90.8911	0.0745
508.2000	90.8911	0.0745
508.2200	90.8911	0.0745
508.2400	181.7823	0.1489
508.2600	181.7823	0.1489
508.2800	363.5645	0.2979
508.7000	90.8911	0.0745
508.8000	90.8911	0.0745
508.8600	90.8911	0.0745
508.8800	90.8911	0.0745
508.9000	181.7823	0.1489
508.9200	181.7823	0.1489
508.9600	90.8911	0.0745
508.9800	272.6734	0.2234
509.0000	272.6734	0.2234
509.0200	90.8911	0.0745
509.0400	272.6734	0.2234
509.0600	90.8911	0.0745
509.1200	181.7823	0.1489
509.1400	181.7823	0.1489
509.1600	181.7823	0.1489
509.1800	90.8911	0.0745
509.2000	272.6734	0.2234
509.2200	90.8911	0.0745
509.2800	90.8911	0.0745
509.3000	181.7823	0.1489
509.3400	90.8911	0.0745
509.3600	90.8911	0.0745
509.3800	90.8911	0.0745
509.6400	181.7823	0.1489
509.7600	90.8911	0.0745
509.7800	90.8911	0.0745
509.8200	181.7823	0.1489
509.8600	272.6734	0.2234
509.8800	272.6734	0.2234
509.9000	272.6734	0.2234
509.9600	272.6734	0.2234
509.9800	363.5645	0.2979
510.0000	454.4556	0.3723
510.0200	272.6734	0.2234
510.0600	181.7823	0.1489
510.0800	90.8911	0.0745
510.1000	181.7823	0.1489
510.1200	181.7823	0.1489
510.1400	636.2379	0.5213
510.1600	454.4556	0.3723
510.1800	454.4556	0.3723
510.2000	181.7823	0.1489
510.2200	90.8911	0.0745
510.2600	90.8911	0.0745
510.2800	181.7823	0.1489
510.3400	90.8911	0.0745
510.5000	90.8911	0.0745
510.5400	90.8911	0.0745
510.5800	90.8911	0.0745
510.8000	363.5645	0.2979
510.8200	90.8911	0.0745
510.8600	181.7823	0.1489
510.8800	90.8911	0.0745
510.9000	272.6734	0.2234
510.9200	454.4556	0.3723
510.9400	454.4556	0.3723
510.9600	818.0201	0.6702
510.9800	454.4556	0.3723
511.0200	181.7823	0.1489
511.0400	454.4556	0.3723
511.1000	90.8911	0.0745
511.1200	272.6734	0.2234
511.1400	363.5645	0.2979
511.1600	181.7823	0.1489
511.1800	181.7823	0.1489
511.2000	181.7823	0.1489
511.2200	272.6734	0.2234
511.2400	272.6734	0.2234
511.2600	181.7823	0.1489
511.2800	90.8911	0.0745
511.3000	90.8911	0.0745
511.3400	90.8911	0.0745
511.4200	90.8911	0.0745
511.4600	90.8911	0.0745
511.5800	90.8911	0.0745
511.7400	90.8911	0.0745
511.7800	90.8911	0.0745
511.8200	181.7823	0.1489
511.8800	90.8911	0.0745
511.9000	90.8911	0.0745
511.9200	454.4556	0.3723
511.9600	90.8911	0.0745
511.9800	181.7823	0.1489
512.0000	90.8911	0.0745
512.0200	272.6734	0.2234
512.0400	90.8911	0.0745
512.0600	181.7823	0.1489
512.0800	181.7823	0.1489
512.1000	272.6734	0.2234
512.1200	181.7823	0.1489
512.1400	90.8911	0.0745
512.1600	90.8911	0.0745
512.1800	181.7823	0.1489
512.2000	90.8911	0.0745
512.2200	90.8911	0.0745
512.2600	90.8911	0.0745
512.7800	90.8911	0.0745
517.6000	90.8911	0.0745
518.1000	90.8911	0.0745
518.1600	90.8911	0.0745
518.2400	90.8911	0.0745
518.9200	181.7823	0.1489
519.0000	272.6734	0.2234
519.0600	90.8911	0.0745
519.1400	181.7823	0.1489
519.1800	90.8911	0.0745
519.2200	90.8911	0.0745
519.2400	90.8911	0.0745
519.2600	90.8911	0.0745
519.3000	90.8911	0.0745
519.8800	90.8911	0.0745
519.9000	181.7823	0.1489
519.9200	90.8911	0.0745
519.9400	90.8911	0.0745
519.9600	90.8911	0.0745
519.9800	363.5645	0.2979
520.0400	90.8911	0.0745
520.0600	454.4556	0.3723
520.0800	90.8911	0.0745
520.1200	90.8911	0.0745
520.1600	181.7823	0.1489
520.1800	90.8911	0.0745
520.2400	90.8911	0.0745
520.8200	90.8911	0.0745
520.8800	545.3467	0.4468
520.9000	272.6734	0.2234
520.9200	363.5645	0.2979
520.9400	454.4556	0.3723
520.9600	181.7823	0.1489
520.9800	90.8911	0.0745
521.0000	90.8911	0.0745
521.0200	90.8911	0.0745
521.0400	272.6734	0.2234
521.0600	90.8911	0.0745
521.0800	181.7823	0.1489
521.1000	272.6734	0.2234
521.1200	90.8911	0.0745
521.2200	90.8911	0.0745
521.2600	272.6734	0.2234
521.3400	272.6734	0.2234
521.7800	90.8911	0.0745
521.8200	272.6734	0.2234
521.8400	454.4556	0.3723
521.8600	1817.8225	1.4894
521.8800	2999.4072	2.4575
521.9000	6544.1611	5.3618
521.9200	1.0362e4	8.4895
521.9400	1.5451e4	12.6597
521.9600	1.1816e4	9.6810
521.9800	1.1725e4	9.6065
522.0000	8361.9834	6.8511
522.0200	6544.1611	5.3618
522.0400	4090.1008	3.3511
522.0600	2726.7339	2.2341
522.0800	908.9113	0.7447
522.1000	818.0201	0.6702
522.1200	727.1290	0.5958
522.1400	181.7823	0.1489
522.1600	272.6734	0.2234
522.1800	454.4556	0.3723
522.2000	90.8911	0.0745
522.2200	90.8911	0.0745
522.2400	181.7823	0.1489
522.2600	181.7823	0.1489
522.2800	90.8911	0.0745
522.3600	90.8911	0.0745
522.5800	90.8911	0.0745
522.7600	181.7823	0.1489
522.8400	90.8911	0.0745
522.8600	636.2379	0.5213
522.8800	545.3467	0.4468
522.9000	1545.1492	1.2660
522.9200	1636.0403	1.3404
522.9400	1908.7136	1.5638
522.9600	1454.2581	1.1915
522.9800	1181.5846	0.9681
523.0000	1090.6935	0.8936
523.0200	908.9113	0.7447
523.0400	181.7823	0.1489
523.0600	181.7823	0.1489
523.1000	181.7823	0.1489
523.1400	90.8911	0.0745
523.1800	90.8911	0.0745
523.2000	90.8911	0.0745
523.2400	90.8911	0.0745
523.3600	90.8911	0.0745
523.4800	90.8911	0.0745
523.8800	90.8911	0.0745
523.9000	272.6734	0.2234
523.9200	636.2379	0.5213
523.9400	454.4556	0.3723
523.9600	1181.5846	0.9681
523.9800	636.2379	0.5213
524.0000	272.6734	0.2234
524.0200	363.5645	0.2979
524.0400	90.8911	0.0745
524.0600	181.7823	0.1489
524.1800	90.8911	0.0745
524.2000	90.8911	0.0745
524.2200	90.8911	0.0745
524.3400	181.7823	0.1489
524.6600	90.8911	0.0745
524.7800	90.8911	0.0745
524.8400	90.8911	0.0745
524.8600	181.7823	0.1489
524.8800	90.8911	0.0745
524.9800	90.8911	0.0745
525.0000	90.8911	0.0745
525.0400	90.8911	0.0745
525.1200	90.8911	0.0745
525.2000	90.8911	0.0745
525.2200	90.8911	0.0745
525.2400	90.8911	0.0745
525.3000	181.7823	0.1489
525.8400	272.6734	0.2234
525.8600	272.6734	0.2234
525.8800	363.5645	0.2979
525.9000	636.2379	0.5213
525.9200	363.5645	0.2979
525.9400	272.6734	0.2234
525.9600	181.7823	0.1489
525.9800	272.6734	0.2234
526.0000	181.7823	0.1489
526.0600	90.8911	0.0745
526.0800	90.8911	0.0745
526.1000	90.8911	0.0745
526.1200	272.6734	0.2234
526.1600	90.8911	0.0745
526.2200	181.7823	0.1489
526.2400	272.6734	0.2234
526.6800	90.8911	0.0745
526.7600	90.8911	0.0745
526.7800	181.7823	0.1489
526.8000	181.7823	0.1489
526.8200	2181.3870	1.7873
526.8400	2544.9517	2.0851
526.8600	1545.1492	1.2660
526.8800	2544.9517	2.0851
526.9000	2181.3870	1.7873
526.9200	1272.4758	1.0426
526.9400	1636.0403	1.3404
526.9600	636.2379	0.5213
526.9800	818.0201	0.6702
527.0000	272.6734	0.2234
527.0200	272.6734	0.2234
527.0800	272.6734	0.2234
527.1000	90.8911	0.0745
527.1200	272.6734	0.2234
527.1400	90.8911	0.0745
527.1600	90.8911	0.0745
527.1800	90.8911	0.0745
527.2000	90.8911	0.0745
527.2400	90.8911	0.0745
527.3000	90.8911	0.0745
527.3200	90.8911	0.0745
527.8000	363.5645	0.2979
527.8400	90.8911	0.0745
527.8600	181.7823	0.1489
527.8800	999.8024	0.8192
527.9000	454.4556	0.3723
527.9200	272.6734	0.2234
527.9400	818.0201	0.6702
527.9600	272.6734	0.2234
527.9800	727.1290	0.5958
528.0200	272.6734	0.2234
528.2400	90.8911	0.0745
528.2600	181.7823	0.1489