156.9200	117.1893	1.2821
156.9400	117.1893	1.2821
157.0000	117.1893	1.2821
157.1200	117.1893	1.2821
158.9000	234.3786	2.5641
158.9200	117.1893	1.2821
158.9600	234.3786	2.5641
158.9800	234.3786	2.5641
159.0200	117.1893	1.2821
167.0000	117.1893	1.2821
167.0200	351.5679	3.8462
167.0400	351.5679	3.8462
167.0600	234.3786	2.5641
167.1000	585.9466	6.4103
167.1400	468.7573	5.1282
167.2000	117.1893	1.2821
167.8000	234.3786	2.5641
167.8200	468.7573	5.1282
167.8400	117.1893	1.2821
167.8600	820.3252	8.9744
167.8800	234.3786	2.5641
167.9200	234.3786	2.5641
167.9800	234.3786	2.5641
168.0000	117.1893	1.2821
168.0400	234.3786	2.5641
168.0600	234.3786	2.5641
168.0800	351.5679	3.8462
168.1000	117.1893	1.2821
168.1400	117.1893	1.2821
168.1600	117.1893	1.2821
168.1800	117.1893	1.2821
168.2000	117.1893	1.2821
168.8200	234.3786	2.5641
168.8400	234.3786	2.5641
168.8600	234.3786	2.5641
168.8800	234.3786	2.5641
168.9000	234.3786	2.5641
168.9200	468.7573	5.1282
168.9400	117.1893	1.2821
168.9600	234.3786	2.5641
168.9800	234.3786	2.5641
169.0000	234.3786	2.5641
169.0200	703.1359	7.6923
169.0400	703.1359	7.6923
169.0600	468.7573	5.1282
169.0800	937.5145	10.2564
169.1000	234.3786	2.5641
169.1200	585.9466	6.4103
169.1400	234.3786	2.5641
169.1600	234.3786	2.5641
169.2000	117.1893	1.2821
169.2200	585.9466	6.4103
169.2600	117.1893	1.2821
169.3400	117.1893	1.2821
169.3600	117.1893	1.2821
169.7600	117.1893	1.2821
169.8200	937.5145	10.2564
169.8400	468.7573	5.1282
169.8600	1289.0825	14.1026
169.8800	468.7573	5.1282
169.9000	351.5679	3.8462
169.9400	117.1893	1.2821
169.9600	234.3786	2.5641
170.0000	117.1893	1.2821
170.0400	468.7573	5.1282
170.0600	234.3786	2.5641
170.0800	117.1893	1.2821
170.1000	351.5679	3.8462
170.1200	703.1359	7.6923
170.1400	703.1359	7.6923
170.1800	468.7573	5.1282
170.2600	117.1893	1.2821
170.3200	234.3786	2.5641
170.4400	234.3786	2.5641
170.7600	117.1893	1.2821
170.8000	117.1893	1.2821
170.8400	703.1359	7.6923
170.8600	468.7573	5.1282
170.8800	820.3252	8.9744
170.9000	468.7573	5.1282
170.9200	585.9466	6.4103
170.9400	117.1893	1.2821
170.9600	351.5679	3.8462
170.9800	117.1893	1.2821
171.0200	351.5679	3.8462
171.0600	351.5679	3.8462
171.0800	468.7573	5.1282
171.1000	468.7573	5.1282
171.1200	351.5679	3.8462
171.1400	703.1359	7.6923
171.1600	585.9466	6.4103
171.1800	820.3252	8.9744
171.2000	234.3786	2.5641
171.2200	234.3786	2.5641
171.2400	468.7573	5.1282
171.3400	234.3786	2.5641
171.3800	117.1893	1.2821
171.4000	117.1893	1.2821
171.8000	117.1893	1.2821
171.8200	234.3786	2.5641
171.8400	468.7573	5.1282
171.8600	351.5679	3.8462
171.8800	468.7573	5.1282
171.9000	351.5679	3.8462
171.9400	117.1893	1.2821
171.9600	234.3786	2.5641
172.0000	117.1893	1.2821
172.0200	117.1893	1.2821
172.0400	351.5679	3.8462
172.0600	468.7573	5.1282
172.0800	703.1359	7.6923
172.1000	1054.7039	11.5385
172.1200	1523.4611	16.6667
172.1400	1406.2717	15.3846
172.1600	937.5145	10.2564
172.1800	1171.8932	12.8205
172.2000	351.5679	3.8462
172.2200	234.3786	2.5641
172.2400	117.1893	1.2821
172.2600	117.1893	1.2821
172.2800	117.1893	1.2821
172.3200	351.5679	3.8462
172.4000	117.1893	1.2821
172.6800	234.3786	2.5641
172.7400	117.1893	1.2821
172.8000	351.5679	3.8462
172.8200	585.9466	6.4103
172.8400	585.9466	6.4103
172.8600	937.5145	10.2564
172.9000	468.7573	5.1282
172.9200	468.7573	5.1282
172.9400	468.7573	5.1282
172.9600	1054.7039	11.5385
172.9800	1171.8932	12.8205
173.0000	937.5145	10.2564
173.0200	937.5145	10.2564
173.0400	585.9466	6.4103
173.0600	820.3252	8.9744
173.0800	937.5145	10.2564
173.1000	1289.0825	14.1026
173.1200	937.5145	10.2564
173.1400	585.9466	6.4103
173.1600	234.3786	2.5641
173.1800	234.3786	2.5641
173.2000	117.1893	1.2821
173.2200	468.7573	5.1282
173.2600	351.5679	3.8462
173.2800	234.3786	2.5641
173.3200	234.3786	2.5641
173.8200	351.5679	3.8462
173.8400	117.1893	1.2821
173.8600	234.3786	2.5641
173.8800	117.1893	1.2821
173.9000	351.5679	3.8462
173.9200	468.7573	5.1282
173.9600	117.1893	1.2821
173.9800	117.1893	1.2821
174.0000	351.5679	3.8462
174.0200	234.3786	2.5641
174.0600	117.1893	1.2821
174.0800	468.7573	5.1282
174.1000	1523.4611	16.6667
174.1200	1054.7039	11.5385
174.1400	937.5145	10.2564
174.1600	937.5145	10.2564
174.1800	937.5145	10.2564
174.2000	820.3252	8.9744
174.2200	234.3786	2.5641
174.2600	585.9466	6.4103
174.3000	234.3786	2.5641
174.3400	117.1893	1.2821
174.8000	234.3786	2.5641
174.8200	351.5679	3.8462
174.8400	468.7573	5.1282
174.8600	117.1893	1.2821
174.8800	468.7573	5.1282
174.9000	468.7573	5.1282
174.9200	1640.6504	17.9487
174.9400	2226.5969	24.3590
174.9600	4336.0049	47.4359
174.9800	5976.6553	65.3846
175.0000	9140.7666	100.0000
175.0200	6093.8442	66.6667
175.0400	3398.4902	37.1795
175.0600	2343.7864	25.6410
175.0800	1757.8397	19.2308
175.1000	820.3252	8.9744
175.1200	820.3252	8.9744
175.1400	585.9466	6.4103
175.1600	820.3252	8.9744
175.1800	468.7573	5.1282
175.2000	468.7573	5.1282
175.2200	351.5679	3.8462
175.2400	234.3786	2.5641
175.2600	234.3786	2.5641
175.8600	117.1893	1.2821
175.9000	117.1893	1.2821
175.9200	117.1893	1.2821
175.9400	117.1893	1.2821
175.9600	117.1893	1.2821
175.9800	351.5679	3.8462
176.0000	117.1893	1.2821
176.0200	468.7573	5.1282
176.0400	820.3252	8.9744
176.0600	351.5679	3.8462
176.0800	234.3786	2.5641
176.1000	234.3786	2.5641
176.8000	585.9466	6.4103
176.8200	234.3786	2.5641
176.8400	117.1893	1.2821
176.8600	117.1893	1.2821
176.8800	351.5679	3.8462
176.9000	351.5679	3.8462
176.9200	468.7573	5.1282
176.9400	234.3786	2.5641
176.9600	117.1893	1.2821
176.9800	585.9466	6.4103
177.0000	820.3252	8.9744
177.0200	2109.4077	23.0769
177.0400	3164.1116	34.6154
177.0600	5273.5190	57.6923
177.0800	6328.2231	69.2308
177.1000	5039.1406	55.1282
177.1200	4570.3833	50.0000
177.1400	3867.2473	42.3077
177.1600	2460.9756	26.9231
177.1800	1640.6504	17.9487
177.2000	585.9466	6.4103
177.2600	585.9466	6.4103
177.2800	234.3786	2.5641
177.3200	468.7573	5.1282
177.3800	234.3786	2.5641
177.4000	117.1893	1.2821
177.4200	117.1893	1.2821
177.4400	117.1893	1.2821
177.4800	117.1893	1.2821
274.8400	34.6125	0.3787
274.8600	69.2250	0.7573
274.8800	34.6125	0.3787
274.9000	17.3062	0.1893
274.9200	69.2250	0.7573
274.9400	17.3062	0.1893
274.9600	51.9188	0.5680
274.9800	69.2250	0.7573
275.0000	34.6125	0.3787
275.1200	34.6125	0.3787
275.2200	17.3062	0.1893
275.8800	34.6125	0.3787
275.9000	17.3062	0.1893
275.9800	17.3062	0.1893
276.8600	103.8375	1.1360
276.9000	51.9188	0.5680
276.9600	17.3062	0.1893
276.9800	17.3062	0.1893
277.0000	17.3062	0.1893
277.0200	51.9188	0.5680
277.0400	17.3062	0.1893
277.0600	17.3062	0.1893
277.9000	17.3062	0.1893
284.9000	17.3062	0.1893
284.9800	17.3062	0.1893
285.0000	34.6125	0.3787
285.0200	34.6125	0.3787
285.0400	17.3062	0.1893
285.0600	17.3062	0.1893
285.0800	17.3062	0.1893
285.1200	17.3062	0.1893
285.1600	34.6125	0.3787
285.1800	103.8375	1.1360
285.2000	121.1438	1.3253
285.2200	415.3500	4.5439
285.2400	536.4938	5.8692
285.2600	640.3312	7.0052
285.2800	415.3500	4.5439
285.3000	311.5125	3.4079
285.3200	173.0625	1.8933
285.3400	242.2875	2.6506
285.3600	121.1438	1.3253
285.3800	121.1438	1.3253
285.4000	17.3062	0.1893
285.4200	34.6125	0.3787
285.4400	34.6125	0.3787
285.5600	17.3062	0.1893
285.6200	17.3062	0.1893
285.7600	17.3062	0.1893
285.8600	34.6125	0.3787
285.9000	17.3062	0.1893
285.9200	51.9188	0.5680
285.9400	17.3062	0.1893
285.9600	86.5313	0.9467
285.9800	34.6125	0.3787
286.0000	34.6125	0.3787
286.0200	34.6125	0.3787
286.0400	17.3062	0.1893
286.0600	34.6125	0.3787
286.1000	17.3062	0.1893
286.1200	17.3062	0.1893
286.1400	69.2250	0.7573
286.1600	121.1438	1.3253
286.1800	86.5313	0.9467
286.2000	190.3688	2.0826
286.2200	224.9813	2.4613
286.2400	363.4312	3.9759
286.2600	328.8188	3.5973
286.2800	173.0625	1.8933
286.3000	121.1438	1.3253
286.3200	86.5313	0.9467
286.3400	86.5313	0.9467
286.3600	34.6125	0.3787
286.3800	17.3062	0.1893
286.4000	34.6125	0.3787
286.6200	17.3062	0.1893
286.8800	69.2250	0.7573
286.9000	34.6125	0.3787
286.9400	103.8375	1.1360
286.9600	138.4500	1.5146
286.9800	51.9188	0.5680
287.0000	34.6125	0.3787
287.0200	17.3062	0.1893
287.0400	17.3062	0.1893
287.0600	34.6125	0.3787
287.0800	51.9188	0.5680
287.1200	86.5313	0.9467
287.1400	17.3062	0.1893
287.1800	51.9188	0.5680
287.2000	51.9188	0.5680
287.2200	17.3062	0.1893
287.2400	51.9188	0.5680
287.2600	17.3062	0.1893
287.2800	17.3062	0.1893
287.3000	34.6125	0.3787
287.3200	17.3062	0.1893
287.3800	17.3062	0.1893
287.4400	51.9188	0.5680
287.4800	17.3062	0.1893
287.7800	17.3062	0.1893
287.8000	17.3062	0.1893
287.9000	34.6125	0.3787
287.9400	17.3062	0.1893
287.9600	17.3062	0.1893
288.0400	51.9188	0.5680
288.0800	17.3062	0.1893
288.1000	69.2250	0.7573
288.1200	138.4500	1.5146
288.1400	34.6125	0.3787
288.1600	155.7563	1.7040
288.1800	86.5313	0.9467
288.2000	51.9188	0.5680
288.2200	51.9188	0.5680
288.2400	34.6125	0.3787
288.2600	51.9188	0.5680
288.3000	17.3062	0.1893
288.3600	34.6125	0.3787
288.5800	17.3062	0.1893
288.8400	17.3062	0.1893
288.8600	103.8375	1.1360
288.8800	69.2250	0.7573
288.9000	51.9188	0.5680
288.9200	34.6125	0.3787
288.9400	34.6125	0.3787
288.9600	34.6125	0.3787
288.9800	69.2250	0.7573
289.0000	51.9188	0.5680
289.0200	155.7563	1.7040
289.0400	103.8375	1.1360
289.0600	224.9813	2.4613
289.0800	259.5938	2.8400
289.1000	155.7563	1.7040
289.1200	276.9000	3.0293
289.1400	311.5125	3.4079
289.1600	155.7563	1.7040
289.1800	51.9188	0.5680
289.2000	51.9188	0.5680
289.2200	51.9188	0.5680
289.2400	34.6125	0.3787
289.2600	69.2250	0.7573
289.2800	34.6125	0.3787
289.3200	34.6125	0.3787
289.3400	17.3062	0.1893
289.3800	17.3062	0.1893
289.9000	17.3062	0.1893
289.9200	69.2250	0.7573
289.9600	17.3062	0.1893
289.9800	17.3062	0.1893
290.0000	17.3062	0.1893
290.0200	17.3062	0.1893
290.0400	17.3062	0.1893
290.0600	51.9188	0.5680
290.0800	34.6125	0.3787
290.1000	69.2250	0.7573
290.1200	34.6125	0.3787
290.1400	17.3062	0.1893
290.1600	51.9188	0.5680
290.1800	103.8375	1.1360
290.2200	34.6125	0.3787
290.2600	34.6125	0.3787
290.3000	17.3062	0.1893
290.4400	17.3062	0.1893
290.7200	17.3062	0.1893
290.8400	34.6125	0.3787
290.8600	17.3062	0.1893
290.9000	17.3062	0.1893
290.9200	51.9188	0.5680
290.9400	69.2250	0.7573
290.9600	138.4500	1.5146
290.9800	121.1438	1.3253
291.0000	121.1438	1.3253
291.0200	51.9188	0.5680
291.0400	69.2250	0.7573
291.0600	173.0625	1.8933
291.0800	69.2250	0.7573
291.1000	86.5313	0.9467
291.1200	86.5313	0.9467
291.1400	86.5313	0.9467
291.1600	86.5313	0.9467
291.1800	103.8375	1.1360
291.2000	34.6125	0.3787
291.2200	103.8375	1.1360
291.2400	138.4500	1.5146
291.2600	17.3062	0.1893
291.2800	17.3062	0.1893
291.3400	17.3062	0.1893
291.4200	17.3062	0.1893
291.5000	17.3062	0.1893
291.8200	34.6125	0.3787
291.8800	51.9188	0.5680
291.9200	17.3062	0.1893
291.9600	51.9188	0.5680
291.9800	17.3062	0.1893
292.0000	51.9188	0.5680
292.0200	51.9188	0.5680
292.0400	86.5313	0.9467
292.0600	69.2250	0.7573
292.0800	86.5313	0.9467
292.1000	34.6125	0.3787
292.1200	103.8375	1.1360
292.1400	86.5313	0.9467
292.1600	17.3062	0.1893
292.1800	34.6125	0.3787
292.2000	17.3062	0.1893
292.2200	69.2250	0.7573
292.2800	17.3062	0.1893
292.4000	17.3062	0.1893
292.8200	34.6125	0.3787
292.8600	34.6125	0.3787
292.8800	69.2250	0.7573
292.9000	51.9188	0.5680
292.9200	51.9188	0.5680
292.9400	86.5313	0.9467
292.9600	69.2250	0.7573
292.9800	69.2250	0.7573
293.0000	51.9188	0.5680
293.0200	86.5313	0.9467
293.0400	51.9188	0.5680
293.0600	51.9188	0.5680
293.0800	34.6125	0.3787
293.1000	17.3062	0.1893
293.1200	155.7563	1.7040
293.1400	69.2250	0.7573
293.1600	34.6125	0.3787
293.1800	51.9188	0.5680
293.2000	86.5313	0.9467
293.2400	17.3062	0.1893
293.2600	17.3062	0.1893
293.2800	17.3062	0.1893
293.3000	34.6125	0.3787
293.3200	34.6125	0.3787
293.3600	17.3062	0.1893
293.8600	34.6125	0.3787
293.9000	51.9188	0.5680
293.9200	34.6125	0.3787
293.9400	34.6125	0.3787
293.9600	51.9188	0.5680
293.9800	34.6125	0.3787
294.0400	34.6125	0.3787
294.0800	51.9188	0.5680
294.1000	103.8375	1.1360
294.1200	69.2250	0.7573
294.1400	69.2250	0.7573
294.1600	69.2250	0.7573
294.1800	51.9188	0.5680
294.2000	103.8375	1.1360
294.2200	121.1438	1.3253
294.2400	138.4500	1.5146
294.2600	103.8375	1.1360
294.2800	51.9188	0.5680
294.3000	34.6125	0.3787
294.3400	17.3062	0.1893
294.7600	34.6125	0.3787
294.7800	34.6125	0.3787
294.8000	17.3062	0.1893
294.8200	34.6125	0.3787
294.8400	103.8375	1.1360
294.8600	103.8375	1.1360
294.8800	103.8375	1.1360
294.9000	103.8375	1.1360
294.9200	86.5313	0.9467
294.9400	34.6125	0.3787
294.9600	103.8375	1.1360
294.9800	103.8375	1.1360
295.0000	51.9188	0.5680
295.0200	86.5313	0.9467
295.0400	34.6125	0.3787
295.0600	69.2250	0.7573
295.0800	17.3062	0.1893
295.1000	69.2250	0.7573
295.1200	34.6125	0.3787
295.1400	34.6125	0.3787
295.1600	17.3062	0.1893
295.1800	86.5313	0.9467
295.2000	51.9188	0.5680
295.2200	34.6125	0.3787
295.2400	86.5313	0.9467
295.2800	51.9188	0.5680
295.3800	17.3062	0.1893
303.0200	17.3062	0.1893
310.0800	82.0081	0.8972
310.8000	82.0081	0.8972
311.0000	246.0242	2.6915
318.8400	82.0081	0.8972
318.9800	164.0161	1.7943
319.0600	82.0081	0.8972
319.1800	82.0081	0.8972
319.2800	82.0081	0.8972
319.8800	82.0081	0.8972
319.9200	82.0081	0.8972
320.1000	82.0081	0.8972
320.1600	164.0161	1.7943
320.3000	82.0081	0.8972
320.7600	82.0081	0.8972
320.8200	82.0081	0.8972
320.8400	164.0161	1.7943
320.8600	164.0161	1.7943
320.8800	82.0081	0.8972
320.9400	164.0161	1.7943
320.9800	82.0081	0.8972
321.0000	164.0161	1.7943
321.0600	82.0081	0.8972
321.2200	164.0161	1.7943
321.2400	82.0081	0.8972
321.8200	82.0081	0.8972
321.9200	82.0081	0.8972
322.0000	82.0081	0.8972
322.0600	82.0081	0.8972
322.1000	246.0242	2.6915
322.1400	164.0161	1.7943
322.1600	82.0081	0.8972
322.3000	82.0081	0.8972
322.8200	164.0161	1.7943
322.8400	164.0161	1.7943
322.8800	246.0242	2.6915
322.9000	82.0081	0.8972
322.9200	410.0403	4.4858
322.9400	738.0726	8.0745
322.9600	820.0806	8.9717
322.9800	2952.2903	32.2981
323.0000	3280.3225	35.8867
323.0200	3444.3386	37.6811
323.0400	3280.3225	35.8867
323.0600	1886.1854	20.6349
323.0800	2296.2258	25.1207
323.1000	820.0806	8.9717
323.1200	1640.1613	17.9434
323.1400	410.0403	4.4858
323.1600	246.0242	2.6915
323.1800	164.0161	1.7943
323.2000	82.0081	0.8972
323.2200	246.0242	2.6915
323.2400	82.0081	0.8972
323.2600	164.0161	1.7943
323.2800	82.0081	0.8972
323.3200	82.0081	0.8972
323.8600	82.0081	0.8972
323.9000	82.0081	0.8972
323.9400	246.0242	2.6915
323.9600	246.0242	2.6915
323.9800	246.0242	2.6915
324.0000	82.0081	0.8972
324.0200	410.0403	4.4858
324.0400	410.0403	4.4858
324.0600	246.0242	2.6915
324.0800	82.0081	0.8972
324.1000	246.0242	2.6915
324.1200	164.0161	1.7943
324.1600	164.0161	1.7943
324.2200	164.0161	1.7943
324.2400	82.0081	0.8972
324.2600	82.0081	0.8972
324.8200	246.0242	2.6915
324.8400	82.0081	0.8972
324.8800	82.0081	0.8972
324.9000	82.0081	0.8972
324.9200	164.0161	1.7943
324.9600	164.0161	1.7943
325.0000	82.0081	0.8972
325.0400	82.0081	0.8972
325.0600	82.0081	0.8972
325.0800	164.0161	1.7943
325.1200	82.0081	0.8972
325.1600	82.0081	0.8972
325.2000	246.0242	2.6915
325.2600	82.0081	0.8972
325.3000	82.0081	0.8972
325.3200	82.0081	0.8972
325.3600	82.0081	0.8972
325.8000	164.0161	1.7943
325.8400	82.0081	0.8972
325.8600	82.0081	0.8972
325.8800	246.0242	2.6915
325.9000	82.0081	0.8972
325.9400	164.0161	1.7943
325.9600	82.0081	0.8972
325.9800	164.0161	1.7943
326.1400	82.0081	0.8972
326.1600	164.0161	1.7943
326.2000	82.0081	0.8972
326.2200	82.0081	0.8972
326.2800	82.0081	0.8972
326.4200	82.0081	0.8972
326.7200	82.0081	0.8972
326.9000	164.0161	1.7943
326.9800	164.0161	1.7943
327.0000	82.0081	0.8972
327.0400	328.0323	3.5887
327.0800	164.0161	1.7943
327.1000	82.0081	0.8972
327.1400	164.0161	1.7943
327.1800	164.0161	1.7943
327.3800	82.0081	0.8972
327.9400	82.0081	0.8972
327.9800	246.0242	2.6915
328.0400	164.0161	1.7943
328.0600	82.0081	0.8972
328.1400	246.0242	2.6915
328.1600	164.0161	1.7943
328.2200	82.0081	0.8972
328.3400	82.0081	0.8972
328.7600	164.0161	1.7943
328.8600	82.0081	0.8972
328.8800	82.0081	0.8972
328.9000	246.0242	2.6915
328.9200	410.0403	4.4858
328.9400	164.0161	1.7943
329.0200	82.0081	0.8972
329.0600	82.0081	0.8972
329.1000	164.0161	1.7943
329.1200	82.0081	0.8972
329.1800	82.0081	0.8972
329.2000	82.0081	0.8972
329.2200	82.0081	0.8972
329.2400	164.0161	1.7943
329.2600	164.0161	1.7943
329.3000	82.0081	0.8972