Mass/Charge	Intensity
55.2	333.333330435885
58.8	666.666660871771
58.92	333.333330435885
59.28	333.333330435885
59.52	333.333330435885
59.64	333.333330435885
59.76	666.666660871771
67.32	666.666660871771
68.52	1333.33332174354
68.64	2666.66664348708
68.76	4333.33329566651
68.88	11999.9998956919
69	10666.6665739483
69.12	2999.99997392297
69.24	999.999991307656
69.36	333.333330435885
69.96	333.333330435885
70.08	999.999991307656
70.2	333.333330435885
70.32	1999.99998261531
70.44	1999.99998261531
70.56	3666.66663479474
70.68	10666.6665739483
70.8	24333.3331218196
70.92	36333.3330175115
71.04	32333.3330522809
71.16	8333.33326089713
71.28	3666.66663479474
71.4	1666.66665217943
71.52	333.333330435885
71.64	1333.33332174354
71.76	333.333330435885
71.88	333.333330435885
72.12	1999.99998261531
72.36	333.333330435885
72.48	333.333330435885
72.6	3333.33330435885
72.72	2999.99997392297
72.84	9333.33325220479
72.96	10333.3332435124
73.08	6666.66660871771
73.2	4333.33329566651
73.32	1333.33332174354
73.44	999.999991307656
74.04	666.666660871771
74.16	333.333330435885
74.52	333.333330435885
74.76	666.666660871771
75	333.333330435885
78.36	666.666660871771
78.48	1333.33332174354
78.6	1999.99998261531
78.72	6666.66660871771
78.84	9333.33325220479
78.96	6999.99993915359
79.08	2999.99997392297
79.56	333.333330435885
79.68	333.333330435885
79.92	999.999991307656
80.16	666.666660871771
80.64	666.666660871771
80.88	1333.33332174354
81	333.333330435885
82.08	333.333330435885
82.44	333.333330435885
82.56	666.666660871771
82.8	999.999991307656
82.92	1333.33332174354
83.04	1333.33332174354
83.76	666.666660871771
84.24	999.999991307656
84.36	2999.99997392297
84.48	5333.33328697417
84.6	8666.66659133302
84.72	25666.6664435632
84.84	43666.666287101
84.96	73999.9993567665
85.08	40666.666313178
85.2	14666.666539179
85.32	2666.66664348708
85.44	3666.66663479474
85.56	2666.66664348708
85.68	7999.99993046125
85.8	12333.3332261278
85.92	26999.9997653067
86.04	20999.9998174608
86.16	6999.99993915359
86.28	5666.66661741005
86.4	2333.3333130512
86.52	6333.33327828182
86.64	15999.9998609225
86.76	29666.6664087938
86.88	51333.3328871263
87	60999.999469767
87.12	27999.9997566144
87.24	5333.33328697417
87.36	5666.66661741005
87.48	2666.66664348708
87.6	1999.99998261531
87.72	1999.99998261531
87.84	666.666660871771
87.96	1333.33332174354
88.08	2333.3333130512
88.32	333.333330435885
88.56	999.999991307656
88.68	1333.33332174354
88.8	666.666660871771
88.92	666.666660871771
89.04	6333.33327828182
89.16	666.666660871771
89.76	666.666660871771
90.48	1333.33332174354
90.6	333.333330435885
90.72	666.666660871771
90.84	666.666660871771
90.96	1333.33332174354
91.32	333.333330435885
91.68	333.333330435885
94.92	999.999991307656
95.04	333.333330435885
95.16	333.333330435885
95.4	333.333330435885
96	333.333330435885
97.08	666.666660871771
97.44	666.666660871771
97.68	666.666660871771
98.88	1333.33332174354
99	3333.33330435885
99.12	1666.66665217943
99.24	333.333330435885
99.36	333.333330435885
99.48	666.666660871771
99.6	333.333330435885
100.56	666.666660871771
100.68	2666.66664348708
100.8	5333.33328697417
100.92	20999.9998174608
101.04	23999.9997913837
101.16	7666.66660002536
101.28	666.666660871771
101.4	999.999991307656
101.64	666.666660871771
101.76	666.666660871771
101.88	1999.99998261531
102	333.333330435885
102.24	333.333330435885
102.36	666.666660871771
102.6	999.999991307656
102.72	1333.33332174354
102.84	13666.6665478713
102.96	4666.66662610239
103.08	2666.66664348708
103.44	1666.66665217943
105.24	666.666660871771
106.32	999.999991307656
109.2	999.999991307656
109.32	666.666660871771
110.64	666.666660871771
110.88	1666.66665217943
111	5666.66661741005
111.12	19333.3331652814
111.24	6666.66660871771
111.36	1666.66665217943
111.48	333.333330435885
111.6	333.333330435885
111.72	333.333330435885
111.84	666.666660871771
111.96	1333.33332174354
112.08	3666.66663479474
112.2	666.666660871771
112.32	666.666660871771
112.56	1333.33332174354
112.68	666.666660871771
112.8	1666.66665217943
112.92	12333.3332261278
113.04	32999.9997131526
113.16	18666.6665044096
113.28	2333.3333130512
113.4	2999.99997392297
113.52	1333.33332174354
113.64	999.999991307656
113.76	333.333330435885
114.12	333.333330435885
114.6	999.999991307656
114.84	999.999991307656
114.96	1999.99998261531
115.08	7333.33326958948
115.2	7666.66660002536
115.32	666.666660871771
116.64	666.666660871771
117	666.666660871771
117.12	999.999991307656
117.24	1333.33332174354
117.36	666.666660871771
117.48	333.333330435885
118.32	333.333330435885
118.92	666.666660871771
119.04	1666.66665217943
119.16	333.333330435885
120.36	333.333330435885
127.2	666.666660871771
128.76	333.333330435885
128.88	1333.33332174354
129	5333.33328697417
129.12	17333.333182666
129.24	2999.99997392297
129.36	666.666660871771
129.72	999.999991307656
129.96	1333.33332174354
130.08	6666.66660871771
130.2	3333.33330435885
130.56	666.666660871771
130.68	999.999991307656
130.8	1999.99998261531
130.92	3666.66663479474
131.04	18333.3331739737
131.16	27999.9997566144
131.28	11666.666565256
131.4	1333.33332174354
131.52	999.999991307656
131.64	1333.33332174354
131.76	666.666660871771
131.88	1666.66665217943
132	3999.99996523062
132.12	26999.9997653067
132.24	18333.3331739737
132.36	5333.33328697417
132.48	666.666660871771
132.6	666.666660871771
132.72	333.333330435885
132.84	999.999991307656
132.96	2333.3333130512
133.08	17333.333182666
133.2	24333.3331218196
133.32	8666.66659133302
133.44	1333.33332174354
133.56	1999.99998261531
133.68	1333.33332174354
133.8	333.333330435885
134.04	999.999991307656
134.4	333.333330435885
136.44	666.666660871771
138.84	333.333330435885
138.96	999.999991307656
139.08	999.999991307656
139.2	666.666660871771
139.32	999.999991307656
139.92	333.333330435885
143.04	333.333330435885
143.28	333.333330435885
143.64	333.333330435885
145.08	666.666660871771
145.2	666.666660871771
145.92	333.333330435885
146.16	999.999991307656
151.92	333.333330435885
156.72	666.666660871771
156.96	5666.66661741005
157.08	14999.9998696148
157.2	17999.9998435378
157.32	4333.33329566651
157.44	333.333330435885
159.12	333.333330435885
174.84	2999.99997392297
174.96	17999.9998435378
175.08	48666.6662436393
175.2	66333.3327567412
175.32	44666.6662784086
175.44	20333.333156589
175.56	10333.3332435124
175.68	4666.66662610239
175.8	5333.33328697417
175.92	2999.99997392297
176.04	1666.66665217943
176.16	333.333330435885
176.28	333.333330435885
176.4	333.333330435885
177.12	333.333330435885
177.36	333.333330435885
178.32	666.666660871771
178.68	333.333330435885
192.96	333.333330435885
193.2	333.333330435885
